ind	pop	Nmel140	Nmel155	Nmel248	Nmel262	Nmel299	Nmel32	Nmel351	Nmel361	Nmel363	Nmel403	Nmel405	Nmel411	Nmel422	Nmel505	Nmel549	Nmel625	Nmel726	Nmel729	Nmel746	Nmel810	Nmel815	Nmel821	Nmel89	Nmel914	Nmel990	Nmel994	Nmel1103	Nmel1132	Nmel1462	Nmel1486	Nmel1531	Nmel1566
t_LHS_01	1	1	1	1	1	1	-9	1	1	1	1	1	-9	-9	1	1	1	1	1	1	1	1	1	1	1	1	1	1	1	1	1	1	1
t_LHS_01	1	1	2	1	1	2	-9	2	2	2	2	2	-9	-9	2	2	2	1	2	1	2	1	2	1	2	1	1	2	2	1	2	2	2
t_LHS_02	1	2	1	2	2	3	1	1	1	3	1	3	1	1	2	1	1	1	3	1	2	2	3	1	2	2	1	1	3	1	1	3	3
t_LHS_02	1	3	2	3	3	4	1	1	3	4	1	4	2	2	2	1	3	2	3	1	3	3	4	2	3	3	2	2	4	1	1	4	4
t_LHS_03	1	1	1	4	2	2	1	3	3	1	1	2	2	1	1	2	4	3	1	1	4	4	5	1	3	4	1	1	2	1	2	3	5
t_LHS_03	1	4	2	5	4	5	1	4	4	5	3	5	2	3	3	3	5	4	4	1	5	5	6	1	4	5	3	2	5	2	3	5	5
t_LHS_04	1	1	1	2	3	2	1	1	5	4	1	2	3	1	2	1	1	2	1	1	1	3	5	1	3	3	4	1	4	1	1	1	3
t_LHS_04	1	5	2	6	5	6	1	3	6	4	4	6	3	1	3	4	5	3	3	2	6	6	6	3	4	6	5	3	4	3	4	6	5
t_LHS_05	1	1	1	4	6	3	1	1	1	2	5	4	2	1	2	5	2	2	3	1	1	1	3	1	4	1	5	1	4	1	2	3	3
t_LHS_05	1	6	2	4	7	5	2	3	4	2	6	7	4	3	4	6	5	3	3	1	2	1	6	1	5	1	6	4	6	1	2	4	5
t_LHS_06	1	4	1	4	2	2	1	2	2	4	1	4	2	-9	1	2	3	2	1	1	2	1	1	1	2	1	2	1	1	1	1	1	5
t_LHS_06	1	4	2	7	7	3	1	5	4	4	1	8	3	-9	2	2	6	5	3	1	3	1	5	4	3	1	4	4	2	1	1	4	6
t_LHS_07	1	1	1	4	8	2	1	2	1	2	1	1	4	3	2	5	1	3	1	1	5	3	3	1	2	3	4	1	5	4	1	4	2
t_LHS_07	1	2	2	8	8	7	3	6	4	5	4	1	4	3	4	6	3	6	2	1	7	3	6	3	4	3	6	2	7	5	2	7	7
t_LHS_08	1	1	1	1	6	3	2	1	4	4	3	5	-9	3	2	1	1	2	1	1	1	7	1	1	2	7	4	2	2	1	1	3	4
t_LHS_08	1	1	2	3	7	8	3	3	7	4	6	6	-9	3	2	2	7	3	3	1	1	7	5	4	3	7	7	3	4	1	2	5	5
t_LHS_09	1	1	1	4	4	2	1	2	2	4	1	5	2	1	1	1	5	3	1	1	1	1	3	5	2	1	1	5	2	1	1	3	8
t_LHS_09	1	7	2	4	6	9	1	7	4	5	7	9	5	3	2	2	5	7	2	2	8	2	3	6	5	2	4	6	8	2	1	8	9
t_LHS_10	1	1	1	1	3	3	2	1	1	2	3	6	3	-9	2	3	1	1	1	1	2	2	1	2	3	2	8	2	5	1	1	1	2
t_LHS_10	1	1	2	3	9	6	3	8	4	3	8	10	3	-9	4	5	8	3	2	1	4	8	5	7	5	8	9	5	9	4	2	2	3
t_LHS_11	1	8	1	3	3	2	2	1	1	2	3	2	-9	3	1	1	2	2	5	1	2	1	2	1	1	1	2	1	2	1	1	3	3
t_LHS_11	1	8	2	9	9	3	2	4	3	5	9	6	-9	3	2	1	9	8	5	1	2	2	5	4	3	2	4	4	9	1	1	9	4
t_LHS_12	1	1	1	7	1	2	2	2	4	3	1	4	-9	1	2	2	2	2	2	1	6	1	2	2	1	1	3	2	4	1	1	1	5
t_LHS_12	1	1	2	10	7	3	3	5	8	4	6	6	-9	1	2	6	5	3	2	1	8	1	6	5	4	1	7	3	5	1	1	4	10
t_LHS_13	1	4	1	10	1	6	1	3	5	3	1	2	-9	1	2	5	1	2	1	1	2	1	1	4	2	1	3	1	2	1	5	1	11
t_LHS_13	1	7	2	11	1	10	3	9	6	4	8	6	-9	1	2	7	1	3	1	1	6	1	3	4	6	1	5	7	9	6	6	3	12
t_LHS_14	1	1	1	1	1	4	2	3	1	4	3	8	3	1	3	7	3	2	1	1	2	1	1	8	2	1	6	3	2	1	1	1	5
t_LHS_14	1	4	2	12	6	9	2	3	9	5	4	11	4	1	4	8	4	6	1	3	8	2	1	8	2	2	10	7	7	3	2	4	5
t_LHS_15	1	7	1	4	3	2	2	1	5	2	1	8	6	3	2	2	1	1	2	1	2	1	5	9	3	1	4	1	1	1	1	1	3
t_LHS_15	1	7	2	4	7	3	3	1	6	3	4	12	6	3	2	9	1	2	2	2	3	6	5	9	5	6	8	4	10	1	7	3	3
t_LHS_16	1	1	1	4	1	2	-9	4	1	2	4	1	2	2	1	2	1	3	1	1	1	1	2	1	1	1	4	1	2	1	1	4	1
t_LHS_16	1	1	2	9	1	6	-9	10	1	3	4	6	2	2	1	5	5	9	3	2	2	6	5	2	2	6	5	5	2	7	1	5	4
t_LHS_17	1	1	1	2	1	2	-9	1	5	3	1	13	-9	1	1	1	1	6	3	1	1	1	1	1	2	1	1	1	2	1	1	1	4
t_LHS_17	1	7	2	4	6	2	-9	3	6	4	2	13	-9	3	3	7	2	8	3	1	2	7	1	4	2	7	4	4	2	5	1	10	13
t_LHS_18	1	2	1	1	7	2	1	6	2	4	2	5	3	-9	2	1	3	2	1	1	3	3	1	1	2	3	4	1	5	1	1	3	8
t_LHS_18	1	9	2	9	10	6	4	7	4	5	3	14	7	-9	3	2	10	3	2	2	9	3	1	4	2	3	6	8	5	8	2	4	12
t_LHS_19	1	8	1	4	6	2	1	1	3	3	3	1	3	1	1	1	2	2	3	1	1	1	1	1	2	1	4	3	11	1	1	6	3
t_LHS_19	1	8	2	11	7	9	1	3	7	4	10	3	3	1	2	6	11	3	3	1	1	9	6	1	4	9	11	7	12	5	8	9	5
t_LHS_20	1	1	1	3	1	6	1	4	1	5	1	8	2	3	3	6	3	1	1	1	1	1	1	1	2	1	2	1	4	1	1	3	5
t_LHS_20	1	8	2	12	2	10	2	9	1	6	11	13	2	3	3	8	3	3	1	2	3	10	6	9	4	10	12	2	10	1	1	5	5
t_LHS_21	1	5	1	3	1	2	3	4	5	1	4	9	4	1	1	1	3	2	2	1	8	1	1	1	2	1	1	1	2	1	2	1	1
t_LHS_21	1	8	2	4	7	5	3	7	6	5	12	13	4	1	2	6	5	6	2	1	8	4	5	4	3	4	6	9	2	1	9	2	8
t_LHS_22	1	1	1	2	3	2	1	1	1	4	3	2	4	2	2	1	1	1	1	1	1	1	1	1	2	1	4	1	2	1	10	1	3
t_LHS_22	1	1	2	12	11	6	1	1	2	5	7	8	4	2	3	2	7	2	4	2	1	2	1	1	2	2	8	3	8	7	10	4	12
t_LHS_23	1	2	1	3	2	3	-9	4	1	4	3	11	1	1	1	5	5	1	3	1	1	4	1	1	2	4	9	2	2	1	1	3	1
t_LHS_23	1	2	2	4	4	6	-9	6	7	6	10	13	2	1	1	6	5	2	3	1	1	6	3	1	7	6	13	10	2	5	11	4	7
t_LHS_24	1	1	1	4	1	2	2	4	4	3	3	1	2	2	1	2	1	6	1	1	1	1	1	1	1	1	4	2	2	1	1	4	1
t_LHS_24	1	2	2	5	4	2	2	5	7	3	4	8	2	3	2	6	3	9	1	1	2	2	4	2	2	2	11	10	2	1	10	11	5
t_LHS_25	1	1	1	3	3	2	2	4	1	3	1	1	2	1	2	2	2	2	1	1	1	4	1	1	2	4	2	1	2	1	1	1	1
t_LHS_25	1	1	2	4	6	11	3	10	4	5	1	8	7	3	4	6	3	3	3	2	8	5	5	8	3	5	3	7	13	9	4	3	3
t_LHS_26	1	1	1	2	2	2	2	1	1	2	1	6	4	-9	1	1	3	1	2	1	2	9	3	1	2	9	2	1	2	1	1	1	5
t_LHS_26	1	4	2	4	6	2	2	3	4	5	3	9	4	-9	3	2	5	2	2	2	2	9	4	7	5	9	6	11	8	9	1	7	5
t_LHS_27	1	1	1	13	3	4	4	1	1	1	1	5	3	-9	1	1	1	2	3	2	1	2	2	4	1	2	8	1	4	1	7	3	12
t_LHS_27	1	1	2	14	7	12	4	1	2	4	4	6	3	-9	2	6	5	3	3	2	3	2	3	4	5	11	12	3	13	1	7	9	12
t_LHS_28	1	1	1	3	6	2	1	1	3	1	2	2	4	1	2	1	2	3	3	1	1	1	2	1	2	1	6	3	9	1	4	1	2
t_LHS_28	1	1	2	12	6	5	2	9	4	4	3	4	8	1	2	1	2	8	3	1	2	3	5	1	3	3	10	12	14	1	12	6	11
t_LMM_01	2	1	1	4	6	4	2	10	1	2	1	2	8	-9	2	2	12	2	1	1	1	1	1	1	2	1	3	3	1	1	5	12	3
t_LMM_01	2	1	2	4	6	4	2	10	3	2	1	12	8	-9	3	2	13	3	1	1	2	1	6	4	4	1	4	12	2	10	13	13	3
t_LMM_02	2	1	1	2	2	2	2	9	1	2	4	8	1	3	2	1	5	2	1	1	1	1	5	10	4	1	3	1	9	7	1	3	1
t_LMM_02	2	10	2	4	3	4	2	9	6	5	13	8	3	3	3	6	5	3	1	1	10	1	6	10	5	1	10	4	9	10	11	7	4
t_LMM_03	2	1	1	4	2	2	2	7	4	2	4	2	8	-9	2	1	3	3	2	1	1	1	1	1	2	1	6	1	5	1	1	3	8
t_LMM_03	2	1	2	14	7	11	2	7	9	4	4	12	8	-9	2	8	5	6	3	2	8	11	6	4	4	12	10	13	9	6	1	5	8
t_LMM_04	2	1	1	2	2	2	2	6	2	2	1	1	1	3	2	6	3	2	1	1	1	1	1	1	2	1	1	12	1	9	1	3	7
t_LMM_04	2	11	2	4	6	4	2	6	4	6	6	10	1	3	2	7	3	3	1	1	1	1	4	1	2	1	4	13	15	10	14	14	7
t_LMM_05	2	1	1	4	3	2	2	1	1	2	1	2	-9	1	2	7	3	1	1	1	1	1	5	1	4	1	4	3	9	1	1	3	1
t_LMM_05	2	10	2	4	7	6	2	9	4	2	1	15	-9	1	2	10	14	3	1	1	2	2	6	1	5	11	9	14	9	1	7	4	1
t_LMM_06	2	1	1	2	3	4	2	2	2	3	1	10	3	1	1	7	3	2	2	1	2	1	1	1	2	1	1	2	2	1	-9	1	3
t_LMM_06	2	1	2	4	9	11	2	2	4	5	4	10	3	1	2	10	5	3	3	1	8	1	3	10	2	1	1	11	2	10	-9	4	9
t_LMM_07	2	1	1	4	3	4	2	7	1	2	1	1	3	3	2	7	5	1	1	1	1	12	6	1	2	13	1	6	2	9	1	3	3
t_LMM_07	2	12	2	4	6	10	2	10	4	2	3	10	3	3	3	11	5	10	1	2	2	12	7	3	4	13	6	12	5	10	5	4	8
t_LMM_08	2	1	1	2	2	4	2	2	1	2	1	1	2	3	2	1	5	2	1	1	2	1	4	1	2	1	1	14	1	10	5	3	7
t_LMM_08	2	1	2	4	3	4	2	6	2	2	4	10	3	3	2	5	5	3	1	2	2	1	5	1	4	1	3	15	2	10	5	4	14
t_LMM_09	2	1	1	10	7	2	2	4	1	6	1	2	2	3	1	7	5	2	1	1	2	1	1	4	2	1	10	10	2	1	1	2	1
t_LMM_09	2	6	2	12	12	7	2	6	2	7	1	8	3	3	2	7	5	3	2	1	2	12	6	9	2	13	10	15	9	11	5	15	7
t_LMM_10	2	11	1	4	1	4	2	10	1	1	4	1	1	3	2	5	3	2	1	1	1	1	4	1	2	1	1	5	2	11	1	4	3
t_LMM_10	2	11	2	12	12	9	2	10	4	8	4	2	3	3	2	7	6	3	6	1	2	1	6	9	4	1	1	16	2	11	1	16	3
t_LMM_11	2	4	1	2	6	2	2	7	5	5	1	1	2	3	2	6	1	3	2	1	1	1	4	4	2	1	4	12	9	8	5	3	3
t_LMM_11	2	11	2	4	10	10	2	10	6	9	1	2	2	3	2	10	3	4	3	1	1	1	6	9	4	1	10	14	9	9	5	13	8
t_LMM_12	2	1	1	3	2	4	1	2	1	3	4	2	3	-9	2	5	-9	11	-9	1	-9	1	3	4	2	1	1	6	9	10	-9	1	1
t_LMM_12	2	10	2	4	3	6	3	6	4	4	4	16	8	-9	2	9	-9	12	-9	1	-9	1	3	11	2	1	6	17	16	12	-9	4	14
t_LMM_13	2	1	1	4	2	4	2	7	1	3	1	1	7	-9	1	1	3	1	2	1	1	1	1	1	2	1	3	1	2	10	1	17	8
t_LMM_13	2	11	2	13	3	6	2	7	1	6	4	17	7	-9	2	2	3	2	2	1	2	1	1	9	2	1	10	12	4	10	5	18	8
t_LMM_14	2	2	1	3	7	5	2	8	1	2	1	2	3	1	2	2	5	1	2	1	1	1	5	1	1	1	1	3	5	1	1	3	2
t_LMM_14	2	11	2	4	8	7	2	10	4	3	13	6	3	1	3	5	7	6	3	1	1	1	6	4	4	1	1	18	9	1	1	4	3
t_LMM_15	2	10	1	3	2	2	1	7	1	2	4	1	-9	3	2	2	3	1	2	1	1	12	1	1	2	13	4	12	5	4	5	3	3
t_LMM_15	2	10	2	7	12	11	2	10	4	3	4	1	-9	3	5	5	5	6	3	1	1	12	6	2	4	13	10	14	13	11	13	4	8
t_LMM_16	2	10	1	3	6	5	2	9	1	2	3	2	-9	-9	2	1	3	2	2	1	2	1	3	10	4	1	1	5	9	1	1	1	3
t_LMM_16	2	10	2	15	7	6	2	9	1	9	10	17	-9	-9	2	7	5	6	2	1	2	1	6	10	5	1	6	14	9	1	1	4	15
t_LMM_17	2	1	1	4	2	2	2	7	3	5	4	2	2	3	2	6	3	1	1	1	1	1	1	9	2	1	1	4	2	10	1	1	3
t_LMM_17	2	2	2	4	3	4	2	10	4	5	13	3	2	3	2	7	14	2	1	1	2	1	1	9	2	1	4	10	2	10	1	19	8
t_LMM_18	2	1	1	3	2	7	2	7	1	3	1	1	1	3	2	7	5	2	2	2	1	1	1	3	2	1	1	1	4	1	1	2	1
t_LMM_18	2	4	2	3	6	10	2	9	1	6	7	1	7	3	2	9	5	3	3	2	2	12	3	4	5	13	1	19	5	13	1	20	8
t_LMM_19	2	1	1	4	2	4	2	2	1	2	1	2	3	3	2	2	3	1	1	1	1	1	1	1	2	1	1	4	2	10	1	1	1
t_LMM_19	2	3	2	4	12	7	2	7	2	5	1	10	4	3	3	9	5	2	1	1	2	1	5	4	2	1	3	20	5	11	5	13	8
t_LMM_20	2	10	1	2	3	3	1	3	1	3	4	2	2	-9	2	2	2	1	1	1	1	12	1	1	2	13	3	1	1	4	1	4	1
t_LMM_20	2	10	2	3	7	4	2	4	4	3	4	3	2	-9	4	7	5	6	2	1	2	12	1	1	2	13	4	14	2	10	5	5	5
t_LMM_21	2	1	1	4	3	2	2	9	1	3	1	2	2	3	2	1	1	2	3	1	1	1	1	1	2	1	10	1	2	9	1	1	3
t_LMM_21	2	1	2	10	6	4	3	10	2	9	1	3	3	3	5	1	9	13	3	1	2	11	1	1	2	12	11	15	9	10	1	3	16
t_LMM_22	2	1	1	3	3	2	-9	5	1	2	1	1	-9	-9	1	1	5	6	1	1	1	1	1	4	2	1	1	6	1	10	1	4	3
t_LMM_22	2	1	2	4	12	4	-9	10	2	5	4	15	-9	-9	3	7	5	11	1	1	2	1	6	4	4	1	3	21	10	11	5	21	5
t_LMM_23	2	2	1	4	1	2	2	9	1	2	1	2	2	1	2	2	3	2	1	1	1	1	1	1	2	1	1	2	2	10	-9	3	1
t_LMM_23	2	3	2	8	1	4	2	10	2	2	4	9	3	3	2	7	5	3	1	1	11	1	3	7	5	1	3	22	4	14	-9	17	3
t_LMM_24	2	1	2	2	6	7	2	1	1	6	1	1	3	3	2	7	5	2	1	1	1	1	1	4	1	1	9	2	1	9	1	1	1
t_LMM_24	2	1	3	4	12	10	2	4	4	6	2	2	8	3	4	9	5	11	2	1	2	12	2	4	2	13	11	23	2	11	12	4	3
t_LMM_25	2	1	1	4	1	4	2	6	2	1	1	6	3	-9	2	2	3	1	2	1	1	1	1	4	2	1	1	3	1	9	1	3	7
t_LMM_25	2	11	2	4	6	10	3	7	4	3	1	8	3	-9	2	9	5	11	3	1	1	1	4	7	2	1	6	12	2	10	1	4	8
t_LMM_26	2	1	2	4	3	7	2	8	1	3	1	10	3	-9	1	7	3	1	3	1	1	1	1	1	2	1	4	3	2	10	1	4	2
t_LMM_26	2	10	3	4	3	10	2	10	1	5	4	10	3	-9	2	7	5	3	3	1	1	12	4	3	2	13	10	12	9	13	5	6	3
t_LMM_27	2	1	1	3	3	4	1	2	2	7	3	1	7	3	2	7	5	2	3	1	2	1	1	1	2	1	1	2	2	1	5	1	9
t_LMM_27	2	1	2	4	7	6	2	2	4	8	13	10	7	3	2	9	7	3	3	1	2	12	3	4	2	13	10	5	9	2	14	17	14
t_LMM_28	2	1	1	2	3	2	2	3	5	3	1	2	2	3	2	2	5	1	3	1	2	1	1	10	2	1	3	3	1	9	1	2	1
t_LMM_28	2	1	2	16	6	7	2	9	6	3	4	3	2	3	2	9	7	3	3	1	2	12	5	10	5	13	6	12	15	13	1	4	5
t_LMK_01	3	1	1	4	3	4	2	9	1	2	1	2	-9	3	3	1	1	1	1	1	1	1	5	1	5	1	4	1	2	9	1	4	3
t_LMK_01	3	1	2	7	6	4	2	10	4	4	4	10	-9	3	3	2	1	5	2	1	1	1	5	1	5	1	7	11	5	12	1	17	16
t_LMK_02	3	1	1	4	1	3	1	9	2	2	1	2	2	3	2	7	5	1	1	1	1	1	1	1	2	1	1	1	2	1	1	4	16
t_LMK_02	3	1	2	4	1	10	1	9	4	3	7	10	3	3	3	7	7	13	3	1	2	1	5	4	5	1	3	2	7	12	1	13	16
t_LMK_03	3	10	1	4	5	3	2	2	1	2	2	2	3	-9	2	1	5	1	3	1	11	1	1	4	2	1	1	1	2	1	2	5	2
t_LMK_03	3	10	2	4	7	10	3	10	1	5	14	3	3	-9	4	2	5	3	6	1	12	13	5	9	5	14	12	3	16	1	15	17	3
t_LMK_04	3	1	1	2	1	3	2	9	2	4	3	2	-9	3	1	2	3	1	2	4	1	1	5	1	5	1	1	1	4	1	-9	2	1
t_LMK_04	3	2	2	4	7	13	2	9	4	4	4	5	-9	3	4	7	5	3	3	4	1	1	8	1	5	1	4	3	13	1	-9	22	3
t_LMK_05	3	10	1	4	1	3	2	9	1	4	4	2	3	3	2	6	3	3	2	1	1	5	5	1	5	5	3	3	13	1	1	1	16
t_LMK_05	3	10	2	8	7	3	2	9	1	6	7	10	9	3	2	7	5	3	3	1	13	8	5	2	5	8	6	24	15	1	1	4	17
t_LMK_06	3	1	1	4	1	4	1	9	2	2	3	1	2	3	2	2	3	11	1	1	1	1	1	1	5	1	4	3	2	9	1	3	16
t_LMK_06	3	1	2	12	7	11	1	9	4	5	3	10	2	3	2	2	3	14	1	3	2	7	5	10	5	7	8	5	13	9	1	23	17
t_LMK_07	3	8	1	4	3	2	2	9	1	4	4	2	3	1	2	1	5	1	3	1	2	1	1	1	5	1	4	2	4	1	1	1	5
t_LMK_07	3	10	2	4	7	3	2	11	1	4	4	6	9	1	2	12	7	3	3	3	4	1	3	9	5	1	6	3	5	1	1	9	18
t_LMK_08	3	10	1	4	3	2	1	2	1	4	1	1	3	1	2	5	3	3	3	1	2	1	1	1	2	1	1	1	2	1	1	9	1
t_LMK_08	3	13	2	4	7	3	1	9	6	5	4	6	9	1	2	12	11	13	7	2	2	5	3	1	2	5	3	5	9	1	5	24	5
t_LMK_09	3	1	1	4	2	3	2	5	4	2	3	1	2	-9	2	5	1	3	2	1	1	1	1	1	2	1	4	1	2	1	15	3	1
t_LMK_09	3	2	2	4	7	3	2	9	10	2	4	16	2	-9	2	7	3	13	2	1	1	8	1	10	2	8	6	25	5	12	15	5	5
t_LMK_10	3	1	1	4	1	2	-9	1	2	1	4	2	7	3	2	1	3	1	2	1	1	1	3	1	5	1	1	2	2	1	1	3	1
t_LMK_10	3	1	2	4	7	3	-9	4	4	3	14	8	9	3	2	7	5	3	2	1	4	1	5	4	5	1	1	16	16	1	1	10	1
t_LMK_11	3	1	1	2	2	3	2	9	1	6	4	1	2	-9	2	7	3	1	3	1	1	1	5	1	4	1	4	3	5	1	5	1	3
t_LMK_11	3	1	2	9	6	12	2	10	1	6	11	2	3	-9	2	7	3	3	3	1	14	1	6	3	5	1	6	26	7	5	5	25	15
t_LMK_12	3	1	1	7	2	3	3	7	1	2	2	2	2	1	2	1	5	3	1	1	1	1	1	1	2	1	2	1	2	1	1	3	8
t_LMK_12	3	13	2	10	7	6	3	9	4	2	7	10	9	3	3	6	7	6	1	1	2	1	5	1	2	1	3	11	2	15	5	4	15
t_LMK_13	3	1	1	7	1	3	2	6	1	2	3	2	2	1	2	2	3	1	3	1	1	1	1	1	2	1	1	1	2	1	1	3	7
t_LMK_13	3	1	2	12	7	3	2	9	4	4	4	9	3	1	2	5	3	6	6	1	1	1	5	2	5	1	4	7	7	1	15	6	7
t_LMK_14	3	1	1	2	1	5	1	9	2	2	4	5	2	3	2	2	3	1	2	1	1	1	5	1	5	1	1	1	2	1	-9	1	16
t_LMK_14	3	10	2	4	7	7	2	9	4	4	4	16	2	3	4	7	3	3	3	1	2	1	5	1	5	1	3	27	5	1	-9	9	17
t_LMK_15	3	8	1	3	3	2	1	7	2	2	1	1	2	-9	2	2	1	2	1	1	1	1	1	1	2	1	6	13	2	12	1	4	1
t_LMK_15	3	8	2	4	7	3	2	7	4	4	4	10	2	-9	4	5	3	3	1	1	11	1	1	1	2	1	6	21	11	12	1	5	8
t_LMK_16	3	1	1	4	3	3	2	9	2	2	1	5	3	3	2	1	3	1	3	1	1	1	5	1	5	1	1	7	2	1	-9	1	1
t_LMK_16	3	1	2	4	7	4	2	9	4	5	14	16	7	3	2	12	5	2	3	1	11	1	5	3	5	1	6	11	5	9	-9	4	16
t_LMK_17	3	8	1	4	1	3	2	10	1	4	1	8	4	3	2	1	5	1	1	1	2	1	1	1	1	1	4	2	2	1	1	9	3
t_LMK_17	3	10	2	13	7	3	5	12	2	6	4	9	4	3	3	2	5	3	1	4	8	1	5	4	2	1	8	21	2	1	10	17	13
t_LMK_18	3	13	1	8	1	3	1	9	3	3	3	2	2	-9	2	1	5	2	2	1	2	1	1	1	2	1	6	1	4	1	15	1	1
t_LMK_18	3	13	2	13	1	3	2	10	4	6	4	10	4	-9	4	12	7	5	2	1	2	1	5	9	5	1	10	11	4	1	15	4	3
t_LMK_19	3	1	1	13	3	3	2	4	1	3	3	1	1	1	2	7	5	1	2	1	1	1	1	3	2	1	3	1	2	1	1	3	1
t_LMK_19	3	10	2	13	9	13	2	9	1	3	7	2	2	1	4	11	5	13	2	4	1	1	5	4	2	1	4	28	14	9	1	4	1
t_LMK_20	3	8	1	4	6	3	1	9	1	3	4	2	4	-9	1	2	5	2	3	1	1	1	1	1	2	1	4	3	4	1	5	3	1
t_LMK_20	3	10	2	4	6	4	1	10	2	5	4	3	4	-9	2	11	5	13	6	1	11	1	1	1	2	1	6	4	7	13	5	4	3
t_LMK_21	3	1	1	3	6	3	1	4	1	2	1	2	2	-9	1	7	1	3	1	1	1	1	3	1	2	1	4	1	5	1	1	3	1
t_LMK_21	3	10	2	10	7	3	1	11	2	3	3	10	3	-9	2	13	5	3	2	1	1	10	5	1	5	10	4	3	5	1	1	5	5
t_LMK_22	3	1	1	2	6	3	2	5	1	2	3	2	3	3	2	1	3	2	2	1	1	1	1	1	2	1	1	3	2	1	1	1	1
t_LMK_22	3	8	2	13	7	5	2	9	2	4	6	3	3	3	2	7	5	3	2	1	11	1	5	7	3	1	1	25	7	1	1	4	5
t_LMK_23	3	1	1	4	3	6	2	9	2	2	1	1	2	-9	2	1	5	3	3	1	1	1	1	1	1	1	4	1	5	1	1	3	1
t_LMK_23	3	1	2	12	7	13	2	9	4	3	15	2	2	-9	2	1	7	13	3	3	4	9	5	1	2	9	10	3	9	1	5	9	15
t_LMK_24	3	10	1	4	1	3	2	5	1	2	2	1	2	3	2	7	2	1	1	1	1	1	3	1	5	1	3	1	2	1	1	3	5
t_LMK_24	3	13	2	4	7	3	2	9	1	3	4	1	2	3	4	9	5	2	2	1	8	13	5	9	5	14	6	11	16	1	15	4	18
t_LMK_25	3	1	1	4	2	3	2	5	2	4	7	1	-9	1	4	7	3	1	1	1	1	1	5	1	5	1	2	11	2	1	2	3	8
t_LMK_25	3	10	2	4	7	7	2	9	4	6	16	6	-9	1	4	14	11	3	6	1	1	1	5	1	5	1	8	13	7	1	2	19	16
t_LMK_26	3	1	1	4	3	5	-9	3	1	2	4	1	4	3	2	2	3	1	3	1	1	1	1	4	2	1	2	2	2	1	2	1	3
t_LMK_26	3	1	2	12	7	12	-9	10	4	3	4	2	4	3	5	11	7	2	3	4	2	14	1	9	2	15	6	3	4	1	5	4	5
t_LMK_27	3	1	1	1	2	3	2	2	2	3	7	1	2	1	2	7	5	1	2	2	1	1	5	4	1	1	4	1	2	1	5	4	3
t_LMK_27	3	10	2	4	3	4	2	10	4	3	17	2	2	3	5	7	5	3	2	4	1	1	8	4	5	1	4	21	13	10	16	17	9
t_LMK_28	3	1	1	4	3	4	-9	1	2	2	1	1	2	1	1	2	3	2	3	1	1	15	3	1	5	16	4	1	2	1	1	4	1
t_LMK_28	3	1	2	4	7	7	-9	2	4	2	1	4	2	1	3	2	3	3	3	1	2	15	3	1	5	16	6	2	16	10	5	7	9
t_ONO_01	4	10	1	3	2	5	1	1	1	2	10	9	3	3	2	7	1	2	2	1	1	12	1	1	5	13	6	2	10	1	7	1	1
t_ONO_01	4	12	2	8	3	6	2	4	3	2	14	10	10	3	2	11	5	6	2	1	5	14	3	3	5	15	14	3	14	12	10	3	1
t_ONO_02	4	10	1	8	1	6	2	2	2	2	4	6	3	-9	1	2	14	2	2	1	1	1	3	4	2	1	6	5	2	1	1	1	2
t_ONO_02	4	10	2	11	7	10	2	8	4	2	14	10	7	-9	2	2	14	6	2	1	1	7	3	5	5	7	6	27	2	7	17	3	2
t_ONO_03	4	3	1	4	2	7	1	1	2	2	3	4	2	-9	1	6	7	2	2	1	1	1	1	3	2	1	7	20	1	5	5	1	1
t_ONO_03	4	10	2	4	6	7	1	4	4	2	10	10	2	-9	2	6	15	6	2	1	11	14	3	4	5	15	8	29	2	7	10	5	19
t_ONO_04	4	10	1	4	7	2	2	8	1	2	1	3	2	-9	2	2	14	2	1	3	1	7	1	3	2	7	4	13	2	1	1	6	3
t_ONO_04	4	10	2	13	10	5	2	10	4	3	3	8	8	-9	2	6	14	6	2	3	2	7	3	5	5	7	7	29	4	8	11	9	20
t_ONO_05	4	3	1	3	2	3	1	6	1	2	10	1	2	-9	1	6	1	2	1	1	1	1	5	5	5	1	4	2	1	1	1	1	5
t_ONO_05	4	4	2	4	3	5	1	9	1	2	18	9	3	-9	2	10	14	3	1	2	1	12	8	5	5	13	4	8	2	15	1	3	16
t_ONO_06	4	8	1	7	1	6	1	8	4	2	2	10	2	3	3	5	5	1	2	1	1	1	1	3	2	1	1	1	10	7	1	4	1
t_ONO_06	4	11	2	17	3	7	2	11	10	3	19	18	7	3	4	6	7	3	2	1	1	14	3	4	2	15	6	12	10	12	7	15	5
t_ONO_07	4	3	1	4	2	3	2	4	5	2	10	9	3	-9	1	2	1	1	5	1	1	10	1	1	5	10	4	1	1	1	1	1	1
t_ONO_07	4	3	2	4	6	7	2	6	6	10	18	9	3	-9	4	6	16	1	5	3	2	14	1	5	8	15	4	4	14	5	18	3	5
t_ONO_08	4	1	1	3	2	3	2	2	4	11	1	1	2	-9	1	11	3	2	1	1	2	7	1	1	2	7	6	1	9	1	1	4	1
t_ONO_08	4	1	2	4	3	7	2	4	10	11	18	1	3	-9	2	12	5	3	1	1	8	7	5	3	5	7	8	5	9	1	7	26	2
t_ONO_09	4	4	1	10	6	6	2	4	3	2	2	4	2	-9	3	6	5	2	3	1	6	3	2	1	1	3	4	3	2	1	1	1	1
t_ONO_09	4	10	2	17	7	7	2	8	4	2	10	18	2	-9	4	7	7	3	3	1	15	8	5	1	1	8	7	30	2	5	1	4	2
t_ONO_10	4	1	1	12	1	6	2	4	1	3	10	7	2	-9	2	1	5	3	2	1	2	12	3	1	5	13	4	2	4	1	7	4	1
t_ONO_10	4	4	2	18	1	14	2	4	1	4	15	10	8	-9	3	7	5	6	3	1	8	12	3	5	5	13	7	4	9	7	7	20	1
t_ONO_11	4	1	1	3	4	6	2	4	2	4	10	9	2	-9	2	1	1	2	2	1	1	1	1	4	2	1	6	5	9	1	1	1	1
t_ONO_11	4	1	2	4	7	7	2	12	4	5	15	18	3	-9	4	6	8	6	2	1	1	14	5	9	5	15	7	27	10	12	10	18	13
t_ONO_12	4	10	1	3	1	3	2	4	1	3	4	1	2	-9	2	7	5	2	2	1	1	7	1	1	2	7	7	2	1	1	1	4	1
t_ONO_12	4	10	2	3	7	12	2	4	1	3	7	8	2	-9	4	9	5	3	2	2	2	7	3	1	5	7	8	3	2	7	7	21	3
t_ONO_13	4	1	1	3	1	6	1	4	1	2	1	9	-9	-9	2	6	7	1	-9	1	1	5	1	3	2	5	4	21	8	1	1	1	1
t_ONO_13	4	4	2	10	8	12	1	4	2	3	4	13	-9	-9	2	7	7	3	-9	1	1	7	3	5	5	7	6	27	10	7	1	4	1
t_ONO_14	4	1	1	3	6	6	1	6	1	3	4	5	-9	-9	2	2	1	-9	-9	2	1	9	1	1	1	9	4	4	1	5	10	1	5
t_ONO_14	4	4	2	13	8	7	2	11	1	4	16	9	-9	-9	4	11	1	-9	-9	2	10	14	5	3	2	15	8	7	4	7	10	4	5
t_ONO_15	4	1	2	12	-9	7	2	4	1	3	1	4	3	3	1	6	9	3	2	1	2	8	1	1	2	8	4	1	1	1	10	4	1
t_ONO_15	4	10	2	13	-9	12	2	5	2	10	2	13	3	3	2	11	17	6	2	3	5	9	3	3	5	9	8	24	2	7	10	5	5
t_ONO_16	4	1	1	2	8	3	2	1	1	2	1	9	2	-9	2	7	1	1	2	2	1	1	5	1	1	1	4	3	1	1	1	5	1
t_ONO_16	4	1	2	3	8	11	2	4	2	2	15	10	2	-9	4	15	1	2	3	5	2	7	8	5	5	7	4	5	2	13	17	6	4
t_ONO_17	4	1	1	3	1	2	2	4	3	3	4	5	2	3	1	9	1	1	1	1	1	4	5	1	2	4	4	2	1	1	1	3	1
t_ONO_17	4	3	2	3	9	3	2	4	4	5	10	8	2	3	2	12	1	3	1	2	1	10	8	4	5	10	14	3	2	1	1	8	1
t_ONO_18	4	3	1	4	3	3	1	1	1	2	2	1	2	-9	2	1	7	2	2	1	1	4	1	5	2	4	1	1	4	13	10	1	1
t_ONO_18	4	7	2	17	11	12	4	6	1	6	18	9	8	-9	4	12	15	6	2	2	2	9	4	5	2	9	4	11	9	13	10	4	7
t_ONO_19	4	11	1	3	1	2	2	2	1	2	1	1	3	3	2	1	3	1	2	1	1	7	1	1	2	7	4	1	4	7	7	1	2
t_ONO_19	4	14	2	17	1	12	2	7	2	3	4	1	7	3	2	7	3	2	3	2	1	8	1	5	2	8	14	4	15	13	10	24	8
t_ONO_20	4	1	1	4	2	3	2	4	2	2	9	9	8	-9	3	1	7	2	5	1	1	1	1	4	2	1	6	1	9	1	1	1	1
t_ONO_20	4	1	2	12	3	3	2	4	4	2	15	9	9	-9	3	11	14	3	5	1	2	14	3	5	5	15	7	4	9	13	17	4	1
t_ONO_21	4	1	1	4	1	3	1	8	4	2	4	9	2	3	2	2	9	2	1	1	2	3	1	3	2	3	4	1	1	1	1	1	2
t_ONO_21	4	1	2	10	1	6	2	11	10	6	10	9	7	3	3	12	17	2	2	1	5	11	5	4	5	12	4	2	10	7	17	4	5
t_ONO_22	4	1	1	4	3	7	-9	4	5	2	7	17	3	-9	1	6	3	2	1	1	2	12	3	1	2	13	4	3	10	5	19	3	1
t_ONO_22	4	10	2	4	6	12	-9	8	6	2	9	19	3	-9	1	12	17	6	2	3	8	14	3	5	5	15	4	25	14	7	20	4	3
t_ONO_23	4	1	1	3	1	3	1	1	4	4	4	4	7	1	1	6	1	1	2	1	1	7	5	1	1	7	4	1	2	1	5	1	2
t_ONO_23	4	1	2	10	6	6	1	2	10	10	10	10	8	3	4	10	17	5	2	1	8	8	8	4	2	8	6	27	8	5	21	4	21
t_ONO_24	4	-9	-9	3	1	6	-9	4	1	2	1	3	2	-9	2	2	1	1	1	3	1	12	1	3	1	13	6	1	2	1	1	1	1
t_ONO_24	4	-9	-9	10	10	6	-9	4	4	6	2	6	4	-9	4	6	7	3	1	3	1	12	3	5	5	13	7	3	8	8	12	4	10
t_ONO_25	4	10	2	4	3	2	1	4	4	2	1	5	8	-9	3	6	9	1	2	1	1	14	3	3	5	15	6	3	7	1	1	1	1
t_ONO_25	4	10	4	12	11	7	2	9	7	3	16	9	9	-9	4	11	15	2	6	1	2	14	3	3	5	15	14	27	9	13	7	27	16
t_ONO_26	4	10	1	4	9	2	2	5	1	2	2	5	1	-9	2	1	15	2	1	1	1	14	1	3	2	15	1	27	2	1	10	1	5
t_ONO_26	4	10	2	11	11	3	5	5	1	2	4	15	3	-9	4	7	15	3	3	1	1	14	3	4	5	15	6	31	10	12	22	4	5
t_ONO_27	4	3	1	3	2	2	1	4	1	2	1	3	8	-9	3	9	1	2	2	2	2	8	1	3	2	8	6	3	2	1	10	4	1
t_ONO_27	4	7	2	10	8	11	2	5	1	2	10	9	8	-9	4	11	16	6	2	3	2	12	1	4	2	13	8	5	10	1	10	5	5
t_ONO_28	4	4	1	4	2	2	1	4	2	4	4	10	7	-9	1	1	1	1	2	1	1	2	5	1	5	11	1	1	2	13	1	1	1
t_ONO_28	4	8	2	4	7	14	1	11	4	9	18	13	8	-9	2	12	11	6	6	3	2	12	8	4	5	13	7	24	10	13	1	3	1
t_ROC_01	5	3	1	4	2	2	2	1	4	2	3	8	4	3	2	1	1	2	3	2	2	1	1	3	2	1	2	6	8	7	2	1	11
t_ROC_01	5	4	2	8	3	10	2	9	10	2	3	11	4	3	3	1	18	4	3	3	2	1	5	3	5	1	6	15	9	7	2	3	16
t_ROC_02	5	4	1	10	1	2	2	4	3	2	2	8	2	3	2	2	1	2	1	1	1	4	1	1	2	4	7	7	9	1	18	21	1
t_ROC_02	5	10	2	12	6	6	2	8	7	4	4	9	11	3	2	10	15	3	1	2	1	4	1	3	9	4	8	11	10	5	23	28	2
t_ROC_03	5	10	1	3	1	7	2	1	2	2	3	1	3	3	2	1	3	2	2	2	1	8	1	4	2	8	1	1	8	1	1	3	1
t_ROC_03	5	11	2	11	7	7	2	4	4	9	4	2	3	3	2	7	14	6	2	2	1	8	1	9	2	8	4	3	14	10	1	19	6
t_ROC_04	5	10	1	7	3	2	1	1	1	2	4	8	2	3	3	4	3	1	1	1	1	14	1	1	2	15	4	7	1	1	1	4	6
t_ROC_04	5	10	2	14	9	2	2	1	4	4	4	11	9	3	3	4	19	6	2	2	1	14	1	4	2	15	6	11	2	1	2	7	6
t_ROC_05	5	5	1	4	1	7	2	7	1	2	1	8	3	3	1	1	1	1	2	1	2	8	2	1	1	8	6	4	8	1	12	1	1
t_ROC_05	5	11	2	4	1	9	2	8	1	3	4	12	3	3	4	9	18	1	2	2	2	8	5	4	5	8	8	10	10	12	19	9	19
t_ROC_06	5	3	1	4	1	6	1	1	5	2	1	8	9	3	2	1	2	11	2	1	1	1	1	1	2	1	2	1	5	1	7	4	11
t_ROC_06	5	3	2	10	7	7	2	9	6	5	15	8	9	3	2	7	18	15	6	1	2	8	3	4	5	8	8	11	5	1	7	9	11
t_ROC_07	5	11	1	4	3	2	2	1	5	2	4	2	2	-9	2	11	3	1	3	1	1	1	1	1	2	1	6	3	2	1	1	5	5
t_ROC_07	5	11	2	10	7	7	3	5	6	2	7	3	2	-9	2	11	3	5	3	1	2	1	5	4	5	1	8	32	9	1	5	9	6
t_ROC_08	5	1	1	3	4	2	2	7	1	5	1	9	3	3	2	4	5	2	1	1	1	1	1	1	2	1	6	3	5	1	1	4	8
t_ROC_08	5	11	2	4	7	2	2	9	1	11	2	18	8	3	4	11	15	3	3	2	1	3	3	4	5	3	6	6	15	1	7	9	16
t_ROC_09	5	10	1	8	1	2	-9	4	1	2	1	8	3	1	1	10	5	2	2	1	1	1	1	1	2	1	1	1	9	1	1	4	1
t_ROC_09	5	10	2	19	7	6	-9	9	2	2	4	8	4	1	2	10	5	3	3	1	2	3	5	4	5	3	2	33	9	1	7	29	16
t_ROC_10	5	4	1	4	1	6	1	4	2	2	2	10	2	-9	2	1	1	1	1	2	1	1	1	1	2	1	1	12	2	1	7	17	1
t_ROC_10	5	13	2	20	2	13	1	10	4	3	4	10	11	-9	2	1	14	2	1	2	2	3	5	3	5	3	4	31	10	1	17	21	11
t_ROC_11	5	10	1	8	7	7	3	5	5	2	3	2	2	-9	1	2	3	2	2	2	1	1	1	1	2	1	1	3	2	1	2	3	5
t_ROC_11	5	10	2	12	10	12	3	5	6	3	7	9	2	-9	5	7	3	6	2	2	6	1	2	1	2	1	8	13	5	8	7	4	5
t_ROC_12	5	11	1	4	1	2	1	1	1	2	15	1	3	-9	2	7	3	2	2	1	1	1	1	4	2	1	6	7	2	9	10	3	6
t_ROC_12	5	11	2	7	6	7	1	1	4	2	15	8	3	-9	2	7	5	2	6	1	6	3	9	4	5	3	8	11	5	13	10	4	22
t_ROC_13	5	1	1	4	1	5	2	8	5	2	1	9	-9	-9	1	1	1	1	6	1	2	8	1	3	2	8	1	3	8	1	10	3	4
t_ROC_13	5	4	2	12	3	6	2	10	6	2	3	10	-9	-9	4	7	5	2	6	1	8	14	1	9	2	15	6	7	17	1	18	4	19
t_ROC_14	5	4	1	6	1	2	1	1	1	2	1	2	2	-9	2	1	4	2	2	1	1	1	1	1	2	1	1	1	2	1	1	1	1
t_ROC_14	5	10	2	12	2	5	2	9	4	2	4	10	5	-9	3	1	5	3	3	2	1	1	1	4	5	1	8	3	9	1	1	23	19
t_ROC_15	5	1	1	3	2	2	1	5	5	2	4	6	2	-9	2	4	2	1	1	1	1	1	1	1	2	1	4	1	2	1	2	1	5
t_ROC_15	5	1	2	4	7	7	1	9	6	4	4	8	3	-9	2	4	3	2	3	2	6	14	1	9	2	15	8	7	13	1	18	3	15
t_ROC_16	5	11	1	-9	-9	-9	2	1	1	-9	4	7	8	3	2	1	2	1	1	1	2	8	1	1	2	8	8	1	2	1	1	1	1
t_ROC_16	5	11	2	-9	-9	-9	2	4	4	-9	4	9	8	3	4	1	11	2	3	2	2	8	3	1	6	8	14	11	2	1	18	4	11
t_ROC_17	5	10	1	2	3	7	2	1	2	2	3	1	2	3	3	1	1	2	2	1	1	3	1	1	2	3	6	2	2	1	1	1	2
t_ROC_17	5	10	2	2	7	7	2	8	4	10	16	2	2	3	4	1	15	3	2	1	1	8	3	5	2	8	7	12	4	7	1	4	11
t_ROC_18	5	10	1	4	1	2	1	1	1	2	3	8	2	3	1	6	3	2	1	1	1	1	1	4	2	1	2	1	9	1	1	1	6
t_ROC_18	5	10	2	12	7	3	1	9	1	4	20	8	8	3	2	7	5	6	1	2	2	3	9	12	5	3	6	3	12	8	19	4	16
t_ROC_19	5	1	1	4	1	7	2	4	1	2	3	2	8	-9	1	2	1	1	3	1	3	1	5	1	5	1	6	3	2	1	2	1	1
t_ROC_19	5	1	2	13	7	15	2	9	3	2	4	12	12	-9	2	4	2	2	6	1	6	1	8	1	5	1	8	29	5	12	7	22	16
t_ROC_20	5	1	1	4	3	2	-9	7	1	2	3	1	2	3	1	1	3	2	3	1	2	1	1	1	2	1	2	1	5	1	1	4	8
t_ROC_20	5	5	2	4	6	16	-9	7	2	5	15	9	2	3	1	7	5	2	3	2	8	1	1	1	2	1	6	7	9	9	18	5	8
t_ROC_21	5	1	1	7	3	12	2	1	5	2	7	1	3	3	2	4	1	2	2	1	1	14	3	1	2	15	1	2	8	1	7	1	5
t_ROC_21	5	5	2	21	7	13	2	5	6	4	15	9	8	3	4	11	2	6	3	2	3	14	3	3	2	15	6	4	10	1	7	21	19
t_ROC_22	5	2	1	4	2	2	1	4	2	2	1	1	3	3	1	11	2	1	1	1	1	1	1	4	2	1	6	5	9	8	7	1	1
t_ROC_22	5	2	2	7	3	12	1	5	4	2	4	9	3	3	2	12	3	13	1	1	1	14	1	9	5	15	14	7	9	13	7	2	5
t_ROC_23	5	1	1	4	1	2	1	3	5	2	4	2	-9	-9	2	1	3	1	1	1	1	2	1	1	2	2	6	1	9	1	10	1	5
t_ROC_23	5	10	2	12	7	7	2	10	6	2	7	6	-9	-9	2	7	20	3	1	1	2	3	1	10	2	3	8	12	12	1	12	3	11
t_ROC_24	5	2	1	4	1	7	-9	2	1	2	3	1	1	-9	1	7	18	3	2	1	2	1	1	1	2	1	6	1	5	1	1	2	16
t_ROC_24	5	5	2	7	2	10	-9	9	6	2	4	10	8	-9	2	9	21	3	3	2	2	3	3	4	5	3	8	12	5	1	10	4	23
t_ROC_25	5	10	1	3	1	10	2	5	5	6	1	4	3	3	2	7	2	1	1	2	-9	14	1	4	2	15	1	3	2	1	7	3	5
t_ROC_25	5	10	2	11	11	12	2	7	6	9	1	11	3	3	2	10	5	3	3	2	-9	14	1	4	5	15	1	23	12	5	18	20	8
t_ROC_26	5	10	1	11	2	2	2	2	2	2	1	6	2	3	1	7	3	2	3	2	1	3	1	1	2	3	6	3	2	1	10	5	1
t_ROC_26	5	10	2	12	7	9	2	5	4	2	4	15	2	3	2	10	3	3	3	2	2	8	1	4	2	8	8	34	5	13	12	7	23
t_ROC_27	5	1	1	7	1	2	1	7	2	2	3	4	9	-9	1	1	3	1	2	1	1	4	5	1	5	4	1	2	1	1	-9	1	8
t_ROC_27	5	10	2	10	6	2	1	9	4	2	12	10	9	-9	2	11	3	5	3	1	3	8	5	3	5	8	9	4	1	9	-9	3	16
t_ROC_28	5	1	1	4	3	3	2	8	4	2	15	9	2	-9	3	7	3	1	2	2	1	1	1	3	2	1	1	1	1	1	1	1	19
t_ROC_28	5	4	2	12	7	4	2	9	10	2	15	9	3	-9	4	11	5	2	2	2	1	7	3	4	2	7	8	11	10	7	10	17	19
t_ONE_01	6	4	1	3	2	3	2	1	2	2	18	1	8	-9	1	12	5	1	1	2	1	16	5	5	2	17	14	1	2	1	7	1	5
t_ONE_01	6	12	2	12	6	7	2	9	4	11	18	10	8	-9	2	12	7	6	2	2	2	16	8	5	5	17	14	29	6	5	14	3	5
t_ONE_02	6	3	1	4	2	3	-9	4	1	2	4	3	2	3	1	1	1	3	3	1	1	7	1	5	2	7	6	3	9	1	7	1	1
t_ONE_02	6	3	2	12	7	6	-9	4	4	3	4	10	8	3	1	4	2	6	3	1	1	7	3	5	5	7	6	35	10	13	7	3	1
t_ONE_03	6	1	1	10	2	6	-9	5	2	2	4	3	3	3	1	1	1	1	2	1	1	4	5	1	1	4	6	1	14	5	7	2	5
t_ONE_03	6	2	2	13	9	7	-9	11	4	2	10	13	3	3	1	2	9	6	2	1	2	8	5	3	2	8	14	3	15	12	10	3	5
t_ONE_04	6	1	1	4	1	6	2	4	2	3	4	1	3	-9	1	1	1	2	2	1	1	4	1	1	5	4	6	3	2	1	7	4	1
t_ONE_04	6	10	2	4	3	7	2	4	4	6	15	9	3	-9	3	11	3	3	2	1	8	10	1	1	6	10	7	4	10	1	7	24	1
t_ONE_05	6	1	1	4	2	6	2	1	1	3	10	1	2	3	1	1	2	3	2	1	2	1	3	1	5	1	4	2	9	1	7	3	1
t_ONE_05	6	11	2	4	3	7	2	4	2	4	18	3	7	3	2	11	2	6	2	3	2	12	3	4	5	13	6	6	10	12	7	23	1
t_ONE_06	6	1	1	4	6	6	2	1	1	3	4	9	3	-9	1	6	1	2	2	1	1	8	3	1	2	8	4	2	2	1	1	2	1
t_ONE_06	6	1	2	12	7	7	2	4	4	9	15	15	3	-9	2	6	1	3	2	1	2	12	3	5	5	13	4	5	2	5	1	3	1
t_ONE_07	6	8	1	2	2	5	2	4	2	3	14	9	2	-9	2	2	1	2	2	1	1	1	1	1	2	1	6	6	2	5	1	3	1
t_ONE_07	6	8	2	17	6	7	4	8	4	6	16	13	9	-9	4	6	3	6	2	1	2	12	3	5	5	13	7	24	9	13	1	20	2
t_ONE_08	6	12	1	12	3	5	3	1	2	11	2	3	3	-9	1	2	5	1	-9	3	1	1	1	1	2	1	4	27	9	1	7	1	-9
t_ONE_08	6	12	2	13	7	13	3	1	4	11	4	13	3	-9	5	6	7	6	-9	3	1	1	3	5	5	1	6	36	10	1	7	3	-9
t_ONE_09	6	3	1	4	1	7	3	1	2	4	14	1	7	-9	1	1	1	4	3	1	1	3	1	1	2	3	4	1	9	1	1	12	4
t_ONE_09	6	10	2	4	2	7	3	1	4	5	18	1	11	-9	5	2	9	16	6	1	2	3	5	4	5	3	6	3	14	1	1	23	19
t_ONE_10	6	4	1	4	1	3	1	2	2	2	4	9	9	-9	2	6	1	1	2	1	1	10	4	1	2	10	4	1	2	1	-9	3	2
t_ONE_10	6	11	2	12	2	3	4	6	4	3	18	10	9	-9	4	7	3	1	2	1	8	12	10	3	4	13	14	3	4	1	-9	17	5
t_ONE_11	6	3	1	11	1	3	-9	1	1	10	4	1	1	-9	1	2	3	2	1	1	2	1	3	4	2	1	14	1	4	1	10	1	1
t_ONE_11	6	12	2	12	7	3	-9	4	2	11	14	9	3	-9	1	4	5	5	2	2	2	1	3	5	5	1	14	4	14	1	10	30	1
t_ONE_12	6	3	1	11	3	7	2	2	1	4	7	8	3	3	1	6	1	3	2	1	1	1	1	1	2	1	4	1	2	1	-9	2	2
t_ONE_12	6	11	2	12	7	7	2	8	4	4	18	9	3	3	4	6	3	17	2	1	8	1	3	1	5	1	4	3	8	13	-9	21	2
t_ONE_13	6	4	1	4	1	7	2	1	2	4	9	1	3	-9	2	2	1	2	2	1	1	1	1	4	2	1	4	1	2	1	-9	2	5
t_ONE_13	6	7	2	12	1	7	2	5	4	4	18	10	8	-9	4	11	3	6	2	3	2	7	3	5	5	7	14	2	4	12	-9	3	19
t_ONE_14	6	1	1	4	1	7	1	1	1	2	2	8	2	-9	2	6	5	2	1	1	1	1	3	1	2	1	4	4	2	1	1	23	1
t_ONE_14	6	12	2	13	6	7	3	4	4	3	18	10	2	-9	5	6	15	3	1	2	8	1	5	5	5	1	10	35	15	5	10	24	3
t_ONE_15	6	10	1	2	2	5	2	1	3	3	4	1	2	-9	1	6	3	3	2	1	1	4	1	4	2	4	6	4	4	1	7	1	1
t_ONE_15	6	10	2	3	8	6	2	4	4	4	18	15	7	-9	2	15	3	3	3	3	1	4	3	4	5	4	6	13	4	5	7	12	1
t_ONE_16	6	4	1	3	2	6	2	1	2	4	2	1	2	3	1	1	5	1	1	1	2	12	1	1	1	13	4	1	10	1	7	1	1
t_ONE_16	6	8	2	13	7	7	2	10	4	11	4	3	9	3	2	1	5	2	2	1	8	14	5	5	2	15	7	24	10	7	7	21	3
t_ONE_17	6	11	1	3	1	12	1	1	1	2	1	3	3	-9	2	6	3	2	2	1	1	1	1	1	2	1	4	4	4	1	10	2	5
t_ONE_17	6	11	2	11	7	16	4	6	4	5	2	15	4	-9	4	6	3	3	2	1	2	10	3	4	2	10	10	11	10	1	10	3	5
t_ONE_18	6	3	1	3	1	3	1	1	2	3	14	1	3	-9	2	5	1	2	2	1	1	1	1	1	2	1	4	2	10	7	-9	2	5
t_ONE_18	6	11	2	4	7	7	4	5	4	4	18	8	3	-9	4	6	5	3	3	3	2	1	3	1	5	1	7	9	14	7	-9	3	19
t_ONE_19	6	1	1	4	2	3	2	5	1	2	4	6	4	-9	2	1	1	2	2	1	1	1	1	1	2	1	4	5	4	5	7	3	5
t_ONE_19	6	1	2	4	6	7	3	5	4	3	15	15	4	-9	5	4	2	6	2	1	2	3	1	1	2	3	6	37	18	12	14	21	5
t_ONE_20	6	1	1	5	2	6	-9	1	4	4	2	9	2	-9	1	5	1	1	2	1	1	1	3	4	2	1	4	3	10	1	7	5	3
t_ONE_20	6	3	2	20	3	7	-9	10	10	4	18	10	9	-9	1	6	9	3	2	1	2	1	3	4	5	1	14	4	14	1	7	21	12
t_ONE_21	6	2	1	4	6	3	1	4	1	2	14	1	1	-9	1	1	1	2	3	1	1	1	1	1	2	1	7	5	2	1	-9	2	1
t_ONE_21	6	11	2	12	6	7	1	5	4	3	18	10	3	-9	3	6	5	3	6	1	1	1	5	4	3	1	14	38	2	5	-9	20	5
t_ONE_22	6	10	1	11	1	6	2	1	1	2	4	3	3	-9	1	1	3	2	2	1	1	1	3	1	1	1	4	9	1	1	-9	3	1
t_ONE_22	6	10	2	20	7	14	2	4	1	4	9	9	3	-9	2	6	3	3	2	1	2	4	5	1	5	4	4	18	2	1	-9	23	1
t_ONE_23	6	3	1	4	3	3	4	4	1	9	10	3	2	-9	1	6	5	5	2	2	1	7	1	1	2	7	6	2	10	1	1	3	1
t_ONE_23	6	12	2	4	13	3	4	8	1	11	15	10	3	-9	2	6	5	18	3	2	2	9	1	1	2	9	14	3	15	12	1	21	2
t_ONE_24	6	4	1	4	3	3	-9	2	1	3	4	1	3	-9	1	6	1	2	2	1	2	1	5	1	5	1	4	1	2	1	14	5	2
t_ONE_24	6	12	2	12	7	7	-9	9	4	3	7	1	3	-9	1	6	17	3	2	3	8	13	5	4	5	14	14	5	4	1	14	21	16
t_ONE_25	6	3	1	2	3	5	2	1	1	2	18	7	2	-9	2	6	1	2	2	1	1	7	1	1	2	7	1	1	1	1	1	1	3
t_ONE_25	6	3	2	12	11	7	2	8	4	2	18	18	8	-9	2	15	1	3	3	1	8	13	3	1	5	14	6	11	2	13	14	20	4
t_ONE_26	6	1	1	4	1	7	3	1	1	2	2	1	1	-9	2	1	1	2	2	1	2	1	1	5	7	1	6	5	4	1	10	4	5
t_ONE_26	6	4	2	20	7	12	3	11	1	6	18	6	3	-9	5	11	3	3	6	1	8	4	11	5	8	4	15	6	4	1	14	13	19
t_ONE_27	6	11	1	3	2	3	1	1	1	4	9	1	2	3	2	2	1	2	3	1	2	1	3	1	1	1	4	3	5	1	1	21	3
t_ONE_27	6	11	2	11	3	14	2	10	4	5	14	9	2	3	5	15	3	3	7	1	2	1	5	4	5	1	4	7	9	7	10	31	24
t_ONE_28	6	3	1	1	2	3	1	2	1	2	7	3	3	3	2	-9	-9	2	2	1	1	-9	1	1	2	8	4	1	1	1	-9	1	1
t_ONE_28	6	3	2	3	11	3	4	4	4	3	10	13	3	3	4	-9	-9	3	3	2	2	-9	3	3	5	10	6	3	4	13	-9	2	2
t_OSW_01	7	5	1	4	1	2	1	4	1	2	3	8	3	3	2	6	14	2	3	1	1	1	1	1	1	1	2	1	5	1	8	1	5
t_OSW_01	7	7	2	13	2	2	1	7	3	4	4	9	12	3	2	9	14	3	3	1	2	1	3	1	5	1	8	12	5	10	8	4	5
t_OSW_02	7	1	1	4	2	2	1	2	1	2	1	1	2	3	2	7	1	3	3	1	5	8	1	1	2	8	4	1	8	1	1	1	5
t_OSW_02	7	4	2	4	9	12	2	5	1	3	13	4	2	3	3	16	3	17	3	2	8	10	12	2	6	10	6	4	16	1	2	23	25
t_OSW_03	7	4	1	10	6	2	2	5	5	2	1	2	2	-9	2	1	3	3	1	1	1	1	1	4	2	1	6	3	9	8	1	1	5
t_OSW_03	7	11	2	10	10	6	2	5	6	5	15	10	3	-9	4	7	5	5	1	1	2	8	1	12	2	8	12	13	9	9	10	4	5
t_OSW_04	7	1	1	11	3	2	1	1	4	2	3	2	2	-9	1	7	1	2	2	1	1	1	-9	1	5	1	1	1	5	1	1	20	1
t_OSW_04	7	11	2	11	7	7	1	4	7	9	15	10	2	-9	2	11	3	5	3	1	3	14	-9	5	5	15	6	3	9	5	7	23	6
t_OSW_05	7	-9	1	4	3	2	1	2	1	11	7	1	3	1	2	1	5	1	-9	1	1	3	1	1	2	3	4	1	8	1	1	3	5
t_OSW_05	7	-9	2	11	9	2	2	5	4	11	7	10	4	1	4	2	5	3	-9	2	1	4	2	4	5	4	4	3	9	12	2	9	23
t_OSW_06	7	9	1	3	1	6	2	3	1	2	1	8	3	3	1	4	1	1	1	1	1	8	1	1	2	8	7	1	5	7	10	4	5
t_OSW_06	7	11	2	4	6	12	2	5	4	3	13	10	3	3	2	4	3	3	3	1	1	9	1	4	2	9	8	11	9	9	10	24	5
t_OSW_07	7	3	1	4	2	4	1	2	5	2	4	1	2	-9	2	1	1	2	3	1	1	1	3	1	2	1	2	1	9	1	1	2	2
t_OSW_07	7	5	2	7	9	6	2	4	6	2	4	4	2	-9	3	7	18	8	7	1	1	7	12	3	6	7	4	3	15	10	10	19	6
t_OSW_08	7	5	1	12	1	5	2	2	1	2	1	4	2	3	2	6	3	3	3	1	8	1	1	1	1	1	6	1	2	1	1	1	2
t_OSW_08	7	12	2	12	7	7	2	6	4	4	18	13	11	3	2	12	5	11	3	2	8	9	5	1	2	9	12	3	8	15	1	23	5
t_OSW_09	7	8	1	4	1	7	1	1	1	4	1	13	-9	3	2	6	1	2	3	1	1	12	1	4	1	13	2	1	9	1	10	7	1
t_OSW_09	7	11	2	4	2	7	1	8	4	11	13	15	-9	3	2	6	1	6	3	1	1	12	2	5	2	13	6	11	9	1	15	10	19
t_OSW_10	7	1	1	4	8	2	-9	2	4	1	2	8	2	-9	1	6	7	3	1	1	2	1	1	1	2	1	1	1	9	1	1	6	1
t_OSW_10	7	2	2	12	8	9	-9	4	7	6	15	10	3	-9	1	11	11	5	1	1	2	8	3	4	2	8	4	3	16	1	12	32	9
t_OSW_11	7	5	1	8	3	2	2	1	5	4	1	9	8	3	2	-9	-9	1	3	1	-9	-9	-9	-9	2	-9	6	-9	-9	1	-9	-9	14
t_OSW_11	7	5	2	13	3	6	2	2	6	5	3	15	12	3	2	-9	-9	2	3	2	-9	-9	-9	-9	2	-9	14	-9	-9	1	-9	-9	14
t_OSW_12	7	2	1	4	1	2	3	4	2	4	3	8	3	3	2	1	3	13	2	1	1	1	3	4	1	1	8	6	5	1	1	13	1
t_OSW_12	7	11	2	10	6	6	3	4	4	10	4	8	3	3	2	4	3	15	3	1	1	1	13	5	2	1	10	21	13	9	1	21	5
t_OSW_13	7	-9	-9	3	3	3	-9	3	1	2	4	3	2	3	1	6	3	1	2	1	1	1	1	1	2	1	4	1	10	5	1	3	1
t_OSW_13	7	-9	-9	4	11	7	-9	5	4	11	4	18	2	3	3	12	3	5	2	2	2	8	1	4	5	8	6	10	14	7	1	7	5
t_OSW_14	7	2	1	4	1	7	2	1	2	2	3	9	3	3	3	2	3	1	3	1	1	-9	5	1	5	-9	8	1	2	5	2	3	5
t_OSW_14	7	2	2	12	6	10	2	5	4	11	4	13	4	3	3	2	5	3	3	1	1	-9	5	2	5	-9	8	7	9	12	19	33	8
t_OSW_15	7	3	1	7	1	5	1	7	1	2	1	4	3	3	2	4	1	1	2	1	1	1	1	10	1	1	1	1	2	1	1	1	8
t_OSW_15	7	11	2	12	7	7	1	9	4	2	4	6	12	3	2	7	3	2	3	1	8	3	2	10	2	3	8	11	2	1	1	21	8
t_OSW_16	7	7	1	2	2	2	-9	2	1	4	3	2	7	-9	1	6	1	3	2	2	1	1	1	5	2	1	6	1	8	1	2	1	5
t_OSW_16	7	10	2	12	3	7	-9	5	6	4	4	10	9	-9	2	12	2	5	8	2	1	1	5	5	2	1	8	18	9	5	15	9	23
t_OSW_17	7	1	1	4	1	2	3	1	1	2	3	1	4	3	1	1	1	2	3	1	1	1	1	1	2	1	1	1	5	1	1	1	1
t_OSW_17	7	3	2	12	6	3	3	4	4	3	7	9	4	3	2	2	3	6	3	1	8	1	1	1	5	1	4	27	5	5	1	3	6
t_OSW_18	7	3	1	8	2	2	1	4	5	2	3	2	3	3	2	7	1	1	2	1	1	1	1	1	2	1	4	1	9	1	1	1	1
t_OSW_18	7	4	2	19	3	6	2	9	6	5	15	8	3	3	2	11	5	3	3	2	1	4	3	4	5	4	8	7	9	1	10	3	16
t_OSW_19	7	1	1	4	6	2	2	5	5	2	3	2	3	3	1	2	3	3	1	1	1	1	1	1	2	1	4	3	12	9	12	3	5
t_OSW_19	7	8	2	4	7	12	2	7	6	5	3	6	8	3	3	4	11	6	6	2	1	1	3	4	5	1	6	11	14	10	18	34	8
t_OSW_20	7	1	1	12	1	6	-9	2	1	2	4	8	3	3	1	2	9	1	3	1	1	1	1	1	2	1	1	4	4	1	7	20	1
t_OSW_20	7	10	2	13	11	6	-9	3	1	10	4	10	4	3	1	12	15	2	3	1	1	7	3	4	5	7	6	39	8	1	7	21	2
t_OSW_21	7	2	1	5	3	2	-9	7	5	2	3	2	4	-9	1	4	1	1	6	1	2	1	1	1	2	1	6	1	2	1	1	3	8
t_OSW_21	7	2	2	12	14	10	-9	13	6	2	4	8	8	-9	1	7	2	2	6	1	6	1	6	4	4	1	6	3	5	7	7	21	19
t_OSW_22	7	11	1	4	4	3	1	4	1	2	1	14	2	-9	2	7	3	3	3	2	2	1	1	3	2	1	1	16	2	1	1	1	1
t_OSW_22	7	11	2	4	7	6	1	5	5	5	12	17	3	-9	2	7	18	3	3	2	6	1	3	3	2	1	4	25	4	12	2	5	5
t_OSW_23	7	5	1	4	1	7	-9	2	4	2	4	1	-9	3	1	4	2	5	3	2	2	8	1	1	2	8	1	3	9	1	7	3	8
t_OSW_23	7	5	2	22	6	7	-9	7	7	5	15	10	-9	3	2	4	5	18	6	2	6	14	1	4	2	15	1	14	9	9	18	4	23
t_OSW_24	7	11	1	10	1	2	1	4	1	2	1	3	2	3	2	4	3	2	6	1	-9	1	-9	-9	5	1	4	-9	5	1	2	-9	1
t_OSW_24	7	15	2	13	4	2	1	7	1	2	4	6	2	3	2	8	7	3	6	1	-9	1	-9	-9	6	1	8	-9	12	1	15	-9	8
t_OSW_25	7	11	1	7	3	9	2	2	5	2	1	12	-9	3	2	11	3	1	2	1	2	14	1	3	2	15	4	3	2	1	1	3	1
t_OSW_25	7	11	2	13	7	9	2	4	6	3	13	13	-9	3	4	11	18	6	3	1	8	14	1	3	2	15	6	7	11	1	18	4	3
t_OSW_26	7	4	1	10	4	3	1	2	4	2	4	3	2	3	2	1	3	11	2	1	2	1	1	1	2	1	1	1	1	1	1	5	2
t_OSW_26	7	4	2	10	7	6	2	7	10	4	7	10	2	3	2	7	5	15	6	2	2	8	1	4	2	8	8	13	2	1	1	35	23
t_OSW_27	7	1	1	4	1	2	6	4	2	2	3	1	-9	-9	1	2	1	3	3	1	1	1	1	1	2	1	6	1	2	1	5	1	5
t_OSW_27	7	9	2	8	3	2	6	9	4	2	15	10	-9	-9	2	16	2	15	6	1	6	1	3	1	5	1	6	4	19	13	19	13	16
t_OSW_28	7	4	1	1	3	7	1	1	5	2	1	8	3	3	2	9	1	3	2	1	1	1	1	1	2	1	1	1	8	5	1	3	1
t_OSW_28	7	8	2	12	6	7	2	4	6	4	4	18	3	3	3	11	1	3	3	1	1	1	5	4	2	1	4	11	10	10	10	21	5
t_CAY_01	8	1	1	7	1	5	1	1	2	3	10	8	1	3	2	2	1	3	1	3	1	1	1	1	2	1	4	3	9	1	1	1	1
t_CAY_01	8	1	2	11	6	6	1	4	4	4	16	9	2	3	4	11	14	6	6	3	11	1	3	3	5	1	4	4	9	12	10	5	3
t_CAY_02	8	1	1	3	2	12	1	9	2	3	1	4	2	-9	3	1	15	3	2	1	1	9	5	1	5	9	4	4	9	7	1	4	3
t_CAY_02	8	1	2	12	3	15	2	10	4	5	10	15	9	-9	4	6	15	6	2	1	2	14	5	1	5	15	4	10	15	12	1	24	16
t_CAY_03	8	1	1	4	1	5	1	1	1	2	3	8	2	-9	4	2	3	2	2	1	1	5	5	1	1	5	6	12	2	8	1	1	4
t_CAY_03	8	1	2	13	10	12	2	5	1	2	15	15	2	-9	4	2	3	3	2	1	1	7	8	2	5	7	7	20	2	13	1	6	5
t_CAY_04	8	1	1	4	2	7	1	4	1	2	10	4	2	-9	2	1	-9	3	3	1	2	8	3	1	5	8	4	4	2	1	1	4	1
t_CAY_04	8	1	2	22	3	7	4	11	1	10	15	10	2	-9	4	2	-9	6	3	1	2	14	3	4	5	15	7	6	10	13	10	12	5
t_CAY_05	8	1	1	3	2	7	1	8	2	3	1	10	2	-9	2	6	15	2	1	1	1	14	1	1	2	15	6	6	2	1	17	2	19
t_CAY_05	8	7	2	3	3	7	2	9	4	4	15	10	2	-9	4	11	15	3	1	1	1	14	3	4	5	15	7	29	15	7	19	3	26
t_CAY_06	8	1	1	1	3	12	1	4	1	2	1	5	3	3	2	1	15	3	2	3	1	7	1	3	2	7	4	6	10	8	7	1	1
t_CAY_06	8	1	2	3	10	12	1	8	1	5	4	7	4	3	5	11	15	6	2	3	1	11	5	5	5	12	7	27	10	8	15	7	3
t_CAY_07	8	1	1	4	2	2	1	1	5	2	16	1	2	-9	2	6	15	2	2	1	1	7	1	1	1	7	4	4	2	7	7	1	3
t_CAY_07	8	10	2	10	3	7	1	10	6	5	16	8	9	-9	4	15	17	3	2	1	11	8	5	5	2	8	7	29	9	13	17	4	4
t_CAY_08	8	2	1	10	1	5	2	4	4	2	2	1	2	-9	2	1	5	2	2	1	2	1	1	1	1	1	4	21	2	1	1	1	1
t_CAY_08	8	4	2	11	7	7	2	11	10	2	7	8	2	-9	2	11	15	6	3	1	5	8	5	1	2	8	6	29	2	1	10	4	5
t_CAY_09	8	1	1	3	1	3	1	5	1	2	4	5	3	-9	2	7	5	2	1	1	2	1	1	3	1	1	6	24	1	1	1	1	2
t_CAY_09	8	4	2	4	2	11	1	8	2	3	16	9	3	-9	4	15	5	6	1	1	8	7	5	3	2	7	14	29	2	7	1	3	5
t_CAY_10	8	1	1	8	8	6	2	1	1	2	10	10	2	-9	4	6	14	2	2	1	1	8	1	1	2	8	7	27	2	1	1	3	1
t_CAY_10	8	10	2	10	8	6	3	11	4	5	15	15	7	-9	5	7	14	6	2	1	2	12	10	1	4	13	16	40	2	12	7	4	5
t_CAY_11	8	1	1	2	1	5	1	8	2	2	7	10	3	-9	2	1	14	1	2	1	1	7	1	1	2	7	7	5	9	7	1	4	2
t_CAY_11	8	1	2	3	7	7	2	11	4	4	16	15	7	-9	4	6	15	2	2	1	1	8	1	3	2	8	16	27	9	13	1	36	5
t_CAY_12	8	8	1	3	2	7	1	1	1	3	1	4	2	-9	2	9	5	1	2	1	1	7	5	1	4	7	4	3	10	1	1	1	1
t_CAY_12	8	10	2	10	11	12	1	2	1	3	10	16	3	-9	3	15	5	3	2	3	2	14	10	4	5	15	4	10	15	7	24	4	2
t_CAY_13	8	1	1	3	1	3	2	2	1	2	4	9	3	-9	4	1	5	6	2	1	2	8	1	2	2	8	4	1	2	1	10	3	1
t_CAY_13	8	2	2	10	7	11	2	4	2	4	4	10	7	-9	4	12	15	6	2	2	2	14	1	3	6	15	6	7	9	1	10	20	1
t_CAY_14	8	1	1	3	2	7	1	4	1	3	1	9	2	3	2	1	1	5	2	1	1	7	3	2	5	7	4	3	4	1	1	4	1
t_CAY_14	8	1	2	4	4	7	1	10	2	4	4	10	7	3	4	2	5	17	6	1	2	14	4	3	5	15	7	4	10	13	15	15	3
t_CAY_15	8	1	1	4	1	5	1	4	1	4	2	9	2	-9	3	1	15	2	2	1	2	1	1	1	2	1	6	9	7	1	1	1	1
t_CAY_15	8	10	2	8	1	6	2	9	1	5	4	9	9	-9	4	6	15	3	2	3	2	5	1	1	2	5	7	29	7	7	1	4	16
t_ERIW_01	9	1	1	7	2	2	1	4	1	4	4	5	3	-9	2	2	5	3	3	1	1	12	1	1	2	13	9	1	5	1	1	1	1
t_ERIW_01	9	3	2	21	3	10	1	4	6	7	4	10	3	-9	4	7	21	6	6	1	2	12	1	7	2	13	17	3	16	12	15	4	9
t_ERIW_02	9	3	1	5	9	2	4	1	5	4	1	3	3	3	1	11	7	2	1	1	1	1	1	1	5	1	2	3	9	1	1	1	1
t_ERIW_02	9	4	2	7	11	6	4	14	6	11	21	13	8	3	2	12	14	3	3	1	1	9	3	7	10	9	8	13	9	12	15	4	27
t_ERIW_03	9	1	1	3	2	12	1	1	1	2	3	2	2	1	1	6	1	5	1	1	1	3	1	1	2	3	1	1	2	1	1	1	1
t_ERIW_03	9	8	2	4	9	15	1	12	2	3	9	6	4	1	2	11	12	6	2	1	10	3	1	4	2	3	6	2	4	4	1	4	3
t_ERIW_04	9	3	1	4	1	6	1	2	2	3	1	6	2	1	2	2	2	1	2	1	1	4	3	1	2	4	4	1	4	1	1	1	5
t_ERIW_04	9	16	2	4	9	9	1	3	4	12	4	16	7	3	2	11	5	3	3	1	2	4	3	2	2	4	6	16	4	1	1	4	9
t_ERIW_05	9	1	1	1	3	2	1	3	5	4	4	17	2	3	2	12	1	2	1	1	1	1	1	1	2	1	4	2	8	1	15	3	4
t_ERIW_05	9	1	2	12	11	3	2	10	6	6	12	17	2	3	2	16	7	5	2	1	4	3	3	7	5	3	8	29	15	1	15	24	5
t_ERIW_06	9	9	1	4	4	7	1	1	1	4	4	13	2	3	2	5	1	1	3	1	1	1	1	4	2	1	1	6	2	1	1	2	1
t_ERIW_06	9	9	2	22	15	11	3	11	1	5	13	15	7	3	4	16	5	2	7	2	2	4	3	9	2	4	4	11	14	11	1	9	5
t_ERIW_07	9	4	1	8	2	2	1	1	1	3	1	1	8	3	2	6	4	5	2	1	8	1	1	10	2	1	4	1	4	1	1	3	4
t_ERIW_07	9	4	2	20	3	6	1	3	4	12	4	17	8	3	5	11	22	11	2	1	8	3	3	10	2	3	8	21	10	13	11	9	5
t_ERIW_08	9	1	1	4	2	7	1	1	4	2	1	8	2	1	2	11	1	2	2	1	1	1	1	2	2	1	4	6	10	1	1	3	4
t_ERIW_08	9	2	2	21	3	7	1	9	9	6	3	15	4	3	3	11	7	6	2	1	1	11	1	2	2	12	6	15	16	1	7	5	14
t_ERIW_09	9	1	1	4	2	2	2	1	1	3	4	3	2	-9	2	1	5	5	2	1	2	1	1	1	2	1	4	2	2	1	1	3	1
t_ERIW_09	9	1	2	13	8	7	4	2	4	4	4	15	2	-9	2	6	6	6	6	1	2	5	3	4	5	5	6	3	12	13	2	5	5
t_ECAN_01	10	8	1	4	2	3	1	2	1	4	7	3	2	-9	2	1	5	2	2	2	1	1	1	3	2	1	4	3	2	1	7	1	2
t_ECAN_01	10	10	2	12	3	7	1	8	1	6	16	7	2	-9	4	11	5	5	6	3	1	4	3	5	5	4	8	41	9	5	11	3	5
t_ECAN_02	10	7	1	4	3	6	1	4	1	2	4	3	2	-9	2	3	1	2	3	1	1	1	1	1	5	1	4	5	9	1	1	3	1
t_ECAN_02	10	7	2	4	7	17	1	4	10	2	10	15	2	-9	4	6	16	3	3	3	2	14	3	3	5	15	7	12	10	13	1	6	1
t_ECAN_03	10	1	1	4	1	3	2	4	1	2	1	8	2	3	3	1	3	1	3	1	1	1	3	1	5	1	1	11	2	1	1	3	1
t_ECAN_03	10	12	1	12	7	6	2	5	6	2	1	10	7	3	4	16	5	6	3	2	8	7	3	3	5	7	4	13	9	14	1	4	5
t_ECAN_04	10	1	1	3	2	3	1	8	1	2	1	8	2	-9	4	2	1	2	3	3	1	7	1	4	2	7	4	4	9	1	12	1	19
t_ECAN_04	10	1	2	4	3	6	1	9	1	2	10	10	8	-9	4	11	16	6	3	3	1	14	1	4	9	15	4	11	10	7	19	21	26
t_ECAN_05	10	2	1	3	2	7	1	4	2	2	4	7	2	3	2	1	7	2	3	2	1	7	-9	3	5	7	1	1	2	1	7	3	1
t_ECAN_05	10	2	2	4	3	13	2	5	4	2	10	10	2	3	4	1	7	3	6	2	2	7	-9	4	5	7	7	7	9	13	7	21	5
t_ECAN_06	10	1	1	11	2	5	1	1	4	2	4	4	8	-9	3	1	1	2	6	1	1	1	5	1	5	1	6	3	2	7	7	3	3
t_ECAN_06	10	10	2	12	3	12	2	8	10	4	16	17	11	-9	3	7	5	3	6	1	2	5	8	4	5	5	7	7	2	7	7	21	19
t_ECAN_07	10	1	1	2	3	7	1	8	1	2	4	10	2	-9	3	2	1	2	3	1	2	1	1	1	2	1	7	6	2	1	1	4	2
t_ECAN_07	10	4	2	3	6	7	2	8	1	3	15	10	4	-9	4	7	15	3	3	2	5	7	5	5	5	7	8	21	2	9	11	37	3
t_ECAN_08	10	1	1	3	2	2	2	4	1	2	1	4	2	2	3	6	15	2	2	2	1	14	5	1	5	15	6	1	2	1	17	4	1
t_ECAN_08	10	1	2	10	6	6	2	4	2	3	13	20	2	2	4	11	15	6	3	6	1	14	8	4	5	15	8	11	9	14	19	5	1
t_ECAN_09	10	10	1	3	3	7	1	4	1	2	2	4	2	-9	2	2	9	2	2	1	1	7	1	1	2	7	4	2	7	1	7	1	1
t_ECAN_09	10	10	2	4	10	7	2	4	2	3	16	14	9	-9	4	12	9	3	2	1	2	7	3	1	5	7	7	29	12	8	7	4	2
t_ECAN_10	10	8	1	10	1	7	1	2	1	2	1	10	2	-9	2	5	5	3	2	3	1	14	5	1	2	15	6	20	1	4	1	1	1
t_ECAN_10	10	8	2	11	2	14	2	4	4	2	16	10	7	-9	2	6	9	5	3	7	2	14	8	3	6	15	8	21	2	7	7	6	6
t_ECAN_11	10	4	1	12	1	2	1	1	1	6	7	4	2	-9	2	7	15	2	2	1	1	10	1	3	1	10	1	1	2	1	7	3	1
t_ECAN_11	10	10	2	12	10	6	1	4	7	9	16	10	3	-9	4	11	15	6	2	1	2	10	5	4	2	10	8	11	10	8	11	20	4
t_ECAN_12	10	1	1	10	1	2	2	8	1	2	3	9	8	3	2	1	1	1	2	2	1	1	4	3	1	1	8	2	2	1	1	1	3
t_ECAN_12	10	1	2	13	2	6	2	11	4	2	10	10	8	3	4	6	1	6	2	2	1	7	5	3	2	7	18	42	10	13	1	4	5
t_ECAN_13	10	10	1	13	1	7	2	4	2	2	7	9	2	-9	1	1	14	2	3	8	1	3	1	1	1	3	6	3	4	7	7	1	1
t_ECAN_13	10	10	2	23	10	7	2	4	4	4	10	9	4	-9	4	9	14	15	6	9	1	7	5	2	2	7	8	24	10	8	7	21	1
t_ECAN_14	10	1	1	2	2	2	1	4	1	3	2	7	2	3	2	1	1	2	2	1	1	1	3	1	5	1	7	3	7	1	1	3	1
t_ECAN_14	10	1	2	3	4	2	2	10	1	4	2	10	9	3	2	6	14	3	3	2	2	1	3	1	5	1	16	24	10	1	1	4	3
t_ECAN_15	10	1	1	3	1	2	1	4	1	5	1	1	2	-9	2	1	1	3	2	1	2	1	3	1	2	1	4	3	1	1	1	4	1
t_ECAN_15	10	1	2	13	6	6	2	11	1	6	15	8	4	-9	4	2	14	6	3	2	2	1	3	1	5	1	7	13	9	5	7	21	5
t_ECAN_16	10	1	1	3	2	3	-9	2	1	2	2	10	1	3	2	7	7	2	2	2	1	1	3	4	5	1	2	3	9	1	17	3	2
t_ECAN_16	10	5	2	4	3	6	-9	9	4	3	7	11	2	3	2	11	15	6	2	2	2	7	3	5	5	7	7	16	15	13	17	17	20
t_ECAN_17	10	10	1	3	1	3	1	5	1	2	7	8	2	-9	2	9	3	2	2	2	1	7	1	1	2	7	4	3	3	1	10	1	5
t_ECAN_17	10	10	2	7	6	9	2	9	1	2	16	10	7	-9	2	15	19	6	8	2	1	7	3	3	5	7	4	24	9	5	17	21	16
t_ECAN_18	10	1	1	3	2	3	2	5	1	2	4	8	8	3	2	6	1	2	1	1	1	1	2	1	5	1	1	1	3	1	7	3	1
t_ECAN_18	10	2	2	12	7	12	2	8	3	2	7	9	8	3	2	7	17	3	2	3	2	7	3	5	5	7	8	3	4	1	7	4	1
t_ECAN_19	10	1	1	3	2	3	1	9	2	6	1	9	3	-9	3	6	5	2	2	1	1	1	3	1	5	1	4	21	1	7	1	3	3
t_ECAN_19	10	7	2	10	3	6	1	10	4	6	2	10	7	-9	4	6	9	3	2	2	5	14	3	4	5	15	6	27	10	14	7	21	16
t_ECAN_20	10	4	1	3	3	3	2	3	1	2	15	4	1	3	1	1	1	3	1	2	1	2	1	1	2	11	7	6	4	1	1	3	5
t_ECAN_20	10	4	2	11	7	7	2	8	1	2	22	9	4	3	3	7	3	6	2	2	2	2	1	1	2	11	8	21	10	7	10	35	19
t_ERIE_01	11	7	1	2	3	2	1	3	1	2	1	10	7	3	2	5	5	3	3	1	2	-9	3	1	5	-9	4	1	2	1	4	6	5
t_ERIE_01	11	14	2	3	6	12	2	11	1	5	16	14	7	3	4	12	7	8	3	2	2	-9	3	4	5	-9	4	4	10	5	17	9	5
t_ERIE_02	11	1	1	11	1	7	1	1	5	4	4	4	4	-9	2	1	2	1	2	2	1	1	1	1	2	1	7	3	2	1	1	3	2
t_ERIE_02	11	10	2	12	6	12	2	2	6	5	15	10	8	-9	3	10	5	6	3	2	1	8	5	4	5	8	11	4	19	5	1	4	13
t_ERIE_03	11	1	1	4	1	2	2	4	5	2	4	10	2	-9	2	11	11	1	2	1	1	1	3	1	2	1	1	4	2	1	10	1	3
t_ERIE_03	11	1	2	12	6	12	4	12	6	2	15	18	2	-9	2	11	17	3	2	1	8	8	3	1	2	8	8	11	2	1	14	9	13
t_ERIE_04	11	10	1	12	1	5	-9	4	1	2	1	4	3	3	1	1	3	1	2	3	1	1	5	1	5	1	4	3	2	1	4	4	1
t_ERIE_04	11	10	2	13	7	16	-9	4	6	4	4	10	4	3	2	6	3	6	3	3	1	1	5	4	7	1	10	11	4	14	4	5	1
t_ERIE_05	11	1	1	4	2	3	2	8	1	4	4	4	2	3	3	10	1	6	2	8	2	1	1	1	2	1	10	1	1	1	4	1	2
t_ERIE_05	11	10	2	12	7	4	3	9	4	5	7	10	3	3	5	12	15	8	3	9	2	1	1	4	5	1	14	3	7	13	7	11	16
t_ERIE_06	11	10	1	14	1	6	2	9	1	3	7	4	2	1	3	7	9	2	2	1	1	4	1	1	2	4	1	4	2	8	7	4	13
t_ERIE_06	11	10	2	20	10	12	3	12	6	6	15	9	8	3	5	9	23	3	2	2	1	14	1	4	2	15	10	29	9	8	7	5	16
t_ERIE_07	11	10	1	4	2	2	2	4	1	4	3	9	7	3	3	1	1	2	3	1	2	7	1	3	2	7	4	4	9	1	7	4	1
t_ERIE_07	11	10	2	8	7	2	2	4	4	6	4	13	8	3	4	3	2	8	3	1	11	7	2	5	6	7	9	5	10	1	7	38	1
t_ERIE_08	11	8	1	-9	1	2	2	4	1	2	10	9	2	1	2	7	1	2	1	1	2	-9	3	1	2	-9	8	1	2	1	1	3	1
t_ERIE_08	11	10	2	-9	7	2	3	9	2	2	15	10	4	1	3	11	5	3	1	1	3	-9	3	4	2	-9	8	2	10	10	10	4	16
t_ERIE_09	11	1	1	4	1	2	1	1	2	2	2	4	2	-9	2	12	9	1	2	1	2	14	1	1	2	15	8	1	1	1	7	3	4
t_ERIE_09	11	10	2	4	2	9	2	3	4	2	4	10	2	-9	3	12	24	6	2	2	2	14	3	1	5	15	8	4	2	2	7	21	14
t_ERIE_10	11	1	1	3	2	2	2	4	5	2	7	4	7	-9	1	1	1	3	1	3	2	12	1	1	2	13	6	1	9	7	1	4	1
t_ERIE_10	11	6	2	4	3	17	2	9	6	5	15	9	8	-9	3	1	5	6	1	3	2	14	11	10	7	15	8	7	9	10	1	12	5
t_ERIE_11	11	10	1	3	1	9	1	9	1	2	2	7	2	3	2	11	7	2	1	2	2	1	5	1	5	1	7	3	2	7	1	4	15
t_ERIE_11	11	10	2	10	2	14	1	9	4	2	4	18	2	3	2	11	7	3	6	3	8	1	8	3	5	1	8	16	10	7	7	5	16
t_ERIE_12	11	4	1	4	3	7	2	1	1	5	1	2	8	3	4	2	1	1	2	1	2	8	2	1	5	8	10	2	9	1	1	1	3
t_ERIE_12	11	4	2	12	5	14	3	8	1	6	1	9	9	3	5	11	2	1	3	1	6	8	3	3	6	8	10	7	10	1	10	3	7
t_ERIE_13	11	7	1	13	1	3	1	1	1	3	4	9	2	3	2	9	5	2	3	3	1	8	2	1	5	8	7	1	1	1	1	3	1
t_ERIE_13	11	8	2	13	7	16	1	4	4	3	4	15	7	3	2	9	5	15	6	3	6	8	3	4	6	8	8	39	3	13	12	23	1
t_LSC_01	12	1	1	1	1	5	6	1	1	4	1	8	4	3	2	1	5	-9	3	3	8	1	1	1	1	1	1	1	2	1	14	26	4
t_LSC_01	12	1	2	13	1	12	7	10	2	10	13	21	9	3	2	9	7	-9	6	3	10	1	2	12	2	1	4	2	4	12	15	36	19
t_LSC_02	12	1	1	1	3	1	1	3	1	1	12	4	9	-9	3	7	1	3	1	1	1	3	1	1	2	3	4	10	1	8	1	3	5
t_LSC_02	12	16	2	24	10	5	2	11	1	2	13	5	9	-9	4	9	14	6	1	1	2	9	3	2	2	9	4	24	2	8	14	4	5
t_LSC_03	12	1	1	4	10	2	1	1	1	3	4	10	4	-9	2	1	3	2	1	1	1	-9	2	1	2	-9	10	1	2	1	1	1	1
t_LSC_03	12	2	2	4	10	9	1	4	1	4	4	15	4	-9	4	11	3	15	1	1	14	-9	2	1	5	-9	10	4	4	4	1	3	4
t_LSC_04	12	15	1	1	2	7	2	9	1	2	4	4	3	-9	2	2	3	6	3	1	1	1	1	1	2	1	4	1	3	8	7	9	2
t_LSC_04	12	15	2	10	10	7	3	9	4	3	13	9	4	-9	2	6	5	11	3	1	1	6	3	5	2	6	4	11	9	13	15	19	16
t_LSC_05	12	10	1	2	3	2	1	1	1	4	1	7	4	-9	2	5	12	5	2	1	2	3	5	1	2	3	4	4	2	1	7	4	1
t_LSC_05	12	12	2	3	10	11	1	1	4	10	4	18	4	-9	3	7	25	6	2	1	8	3	10	4	5	3	13	5	4	12	10	20	19
t_LSC_06	12	2	1	2	2	3	2	4	1	2	4	4	9	3	1	1	1	6	1	1	8	1	1	3	2	1	1	1	4	5	1	1	1
t_LSC_06	12	11	2	3	10	15	2	7	6	4	4	14	9	3	2	1	3	19	3	1	14	1	3	3	5	1	2	12	10	8	7	9	8
t_LSC_07	12	1	1	1	1	2	4	8	1	4	1	1	3	1	1	7	7	1	1	1	2	1	5	1	1	1	4	3	2	1	19	3	3
t_LSC_07	12	1	2	1	7	7	4	10	2	12	4	6	3	3	2	16	26	11	2	1	14	6	5	10	3	6	6	10	8	12	25	29	19
t_LSC_08	12	13	1	1	2	7	1	3	2	2	1	4	3	1	2	1	7	5	3	1	2	1	5	1	5	1	1	6	2	5	7	3	1
t_LSC_08	12	13	2	1	6	12	7	9	4	4	13	15	3	1	2	2	7	6	3	1	2	1	8	7	6	1	4	11	2	5	9	4	28
t_LSC_09	12	1	1	4	3	2	4	1	1	4	4	5	1	3	2	7	3	6	1	1	1	1	1	1	2	1	6	1	8	1	1	1	1
t_LSC_09	12	2	2	8	9	6	7	11	2	12	13	16	4	3	2	12	5	6	1	1	2	3	3	7	5	3	6	5	9	1	1	2	1
t_LSC_10	12	4	1	5	3	9	1	8	2	2	4	9	4	3	2	1	5	2	1	1	1	1	3	10	1	1	8	2	2	1	1	3	3
t_LSC_10	12	11	2	13	4	12	2	10	4	4	13	10	4	3	2	2	5	3	1	1	1	1	5	13	2	1	11	3	13	5	1	7	19
t_LSC_11	12	1	1	12	2	2	1	1	2	2	4	6	3	3	2	1	2	2	3	1	8	-9	1	1	2	-9	9	6	5	13	14	4	13
t_LSC_11	12	2	2	18	3	7	1	1	4	13	13	13	3	3	4	7	3	3	3	1	14	-9	3	3	5	-9	14	11	9	14	15	39	14
t_LSC_12	12	1	1	2	1	7	2	7	1	2	1	4	2	3	2	6	3	2	2	1	2	2	1	4	2	2	6	1	2	1	1	21	8
t_LSC_12	12	8	2	4	1	9	7	8	2	12	3	9	2	3	3	7	25	5	2	2	8	13	1	12	5	14	9	21	4	14	15	40	19
t_LSC_13	12	1	1	4	2	2	2	1	2	3	3	4	4	2	2	7	5	2	2	1	1	1	1	2	2	1	4	6	2	8	1	4	4
t_LSC_13	12	1	2	12	10	11	2	6	4	5	3	11	8	2	3	11	7	6	6	1	2	8	1	2	6	8	6	11	9	13	7	15	29
t_LSC_14	12	1	1	7	6	2	2	1	1	2	4	11	1	3	1	5	3	2	1	1	2	1	1	1	2	1	4	4	1	1	4	3	1
t_LSC_14	12	1	2	8	6	9	2	4	4	13	6	22	1	3	3	6	11	13	1	1	5	1	1	12	5	1	6	11	13	5	26	5	3
t_CRO_01	13	7	1	12	3	3	1	1	4	2	1	7	7	-9	2	2	2	2	5	1	1	7	1	3	2	7	4	1	3	1	1	1	2
t_CRO_01	13	10	2	13	7	12	2	8	10	10	10	10	9	-9	4	7	5	3	5	2	1	14	1	3	6	15	6	4	9	7	1	40	30
t_CRO_02	13	1	1	4	1	7	1	8	2	2	1	5	2	-9	3	1	15	3	2	1	1	1	1	1	2	1	4	1	1	7	1	1	2
t_CRO_02	13	10	2	11	11	9	2	8	4	4	13	9	8	-9	4	11	17	6	3	3	3	14	3	1	5	15	4	4	10	12	19	9	21
t_CRO_03	13	1	1	5	3	2	1	4	1	5	4	8	8	-9	2	11	5	2	2	1	1	5	1	3	2	5	4	2	9	1	10	1	1
t_CRO_03	13	11	2	11	6	7	2	10	1	10	10	10	8	-9	2	11	14	3	6	1	2	14	4	4	5	15	4	11	10	1	17	12	3
t_CRO_04	13	1	1	3	8	9	2	9	2	3	4	4	7	-9	2	5	5	3	1	2	1	1	1	3	2	1	7	3	2	7	1	21	3
t_CRO_04	13	1	2	12	8	12	2	10	4	4	4	20	9	-9	3	11	17	6	2	2	2	7	3	4	5	7	8	6	2	8	1	41	16
t_CRO_05	13	1	1	3	2	5	1	2	1	2	1	10	2	3	2	6	5	2	3	1	2	1	1	1	2	1	7	2	2	7	1	1	5
t_CRO_05	13	10	2	13	3	7	2	11	4	4	10	15	9	3	4	6	15	3	3	1	2	14	1	2	2	15	16	3	4	13	7	15	16
t_CRO_06	13	10	1	3	1	6	1	1	1	6	1	9	2	3	2	6	1	2	2	3	2	14	1	3	2	15	4	1	9	7	7	3	2
t_CRO_06	13	10	2	4	1	12	2	8	4	9	10	22	2	3	4	12	5	6	3	3	8	14	3	3	5	15	8	5	15	12	7	21	4
t_CRO_07	13	8	1	3	1	7	1	4	1	6	10	10	3	-9	2	2	1	2	3	1	1	1	5	5	5	1	4	2	1	7	7	3	1
t_CRO_07	13	8	2	3	1	12	4	5	1	10	16	10	8	-9	5	11	5	3	3	1	2	1	8	5	5	1	7	29	10	8	12	4	5
t_CRO_08	13	1	1	3	2	3	1	4	5	2	2	9	3	-9	4	6	14	2	2	1	1	7	1	1	2	7	1	3	2	1	10	4	1
t_CRO_08	13	1	2	15	3	6	1	9	6	4	15	10	3	-9	4	11	15	5	2	1	2	14	1	4	5	15	4	4	10	7	10	21	1
t_CRO_09	13	2	1	3	8	5	1	4	1	2	2	9	2	-9	2	2	14	2	3	-9	2	3	5	3	3	3	4	1	2	7	1	1	1
t_CRO_09	13	16	2	10	8	7	2	8	4	2	15	23	8	-9	2	7	15	6	3	-9	5	7	5	3	5	7	6	4	12	7	1	5	3
t_CRO_10	13	2	1	12	2	3	1	4	2	3	2	9	7	-9	2	7	1	5	2	1	1	7	3	1	5	7	7	1	2	5	1	1	1
t_CRO_10	13	4	2	13	3	5	2	4	4	10	4	23	8	-9	2	9	1	6	2	3	2	8	3	5	5	8	16	27	2	12	10	3	1
t_CRO_11	13	8	1	10	1	3	1	2	1	2	2	10	1	-9	2	1	9	2	1	3	1	7	1	1	2	7	8	1	1	1	1	3	1
t_CRO_11	13	11	2	12	2	7	1	4	4	4	15	10	2	-9	2	11	17	6	1	3	1	7	1	3	2	7	8	2	2	12	1	7	2
t_CRO_12	13	1	1	13	1	2	1	1	1	2	2	9	2	2	2	1	5	2	1	1	1	7	1	1	2	7	1	3	10	1	1	3	1
t_CRO_12	13	1	2	21	3	5	2	8	4	2	7	15	7	2	4	9	5	3	2	3	2	14	5	3	3	15	8	11	10	13	1	5	4
t_CRO_13	13	1	1	4	1	6	1	4	1	4	4	1	7	3	1	2	2	1	2	3	1	7	1	1	1	7	6	3	7	1	1	1	1
t_CRO_13	13	7	2	20	6	11	1	4	4	6	10	3	7	3	2	11	14	6	3	3	2	14	1	4	2	15	8	6	10	9	10	4	1
t_CRO_14	13	1	1	3	3	6	1	4	1	2	4	1	2	-9	3	1	3	2	2	1	1	7	1	1	2	7	6	1	2	1	1	1	1
t_CRO_14	13	1	2	13	7	7	2	9	4	2	16	4	9	-9	4	2	3	13	3	1	2	9	3	2	5	9	7	4	10	1	1	4	16
t_CRO_15	13	4	1	3	2	6	2	2	2	6	4	9	3	3	3	1	5	5	2	1	1	7	1	1	2	7	6	31	4	1	1	1	1
t_CRO_15	13	13	2	4	3	7	2	4	4	10	10	11	8	3	4	6	17	6	2	1	2	8	1	4	5	8	7	35	9	13	1	3	2
t_CRO_16	13	1	1	3	2	2	1	8	1	3	2	10	2	-9	2	1	5	1	2	1	1	1	1	3	1	1	1	11	2	1	10	1	2
t_CRO_16	13	5	2	11	7	9	2	12	4	6	10	10	2	-9	3	1	5	3	6	3	1	8	9	5	5	8	10	21	10	1	17	17	13
t_CRO_17	13	10	1	4	3	6	1	1	1	3	1	8	2	-9	4	6	5	2	5	3	1	-9	1	5	2	-9	7	3	2	1	10	3	3
t_CRO_17	13	11	2	17	11	7	2	10	4	5	10	23	2	-9	5	11	14	6	5	3	1	-9	6	7	4	-9	16	21	2	7	17	29	4
t_CRO_18	13	1	1	2	1	3	1	4	1	2	1	1	2	3	4	1	7	1	2	1	2	7	5	1	3	7	1	2	7	1	1	4	1
t_CRO_18	13	2	2	20	6	6	1	8	2	4	10	9	2	3	4	11	15	6	2	1	2	14	8	1	5	15	8	4	10	7	19	29	3
