		Nmel1132	Nmel140	Nmel1462	Nmel1486	Nmel1566	Nmel262	Nmel299	Nmel32	Nmel344	Nmel351	Nmel363	Nmel403	Nmel405	Nmel411	Nmel422	Nmel505	Nmel549	Nmel625	Nmel729	Nmel746	Nmel810	Nmel815	Nmel821	Nmel89	Nmel914	Nmel990	Nmel994
t_LMK_01	1	1	1	1	1	1	1	1	1	1	1	1	1	1	1	1	1	1	1	-9	1	1	1	1	1	1	1	1
t_LMK_01	1	1	2	2	1	2	1	1	1	1	1	1	2	2	1	2	1	1	1	-9	1	1	1	1	1	1	1	2
t_LMK_02	1	1	1	2	1	2	1	2	2	-9	2	2	1	1	2	1	2	2	2	1	1	1	1	1	1	1	1	3
t_LMK_02	1	1	1	3	1	2	2	3	2	-9	2	3	1	2	3	2	2	2	3	1	1	2	1	2	2	2	1	3
t_LMK_03	1	1	3	3	2	1	1	2	1	-9	1	3	3	2	3	2	2	1	3	1	1	3	1	1	2	1	1	4
t_LMK_03	1	2	3	3	2	3	1	3	3	-9	1	4	3	2	3	2	2	1	3	2	1	4	2	2	2	2	2	5
t_LMK_04	1	3	1	3	-9	4	1	4	1	1	2	1	2	2	4	1	3	2	4	1	-9	1	1	1	1	1	1	1
t_LMK_04	1	4	4	3	-9	4	2	4	1	1	2	1	4	2	4	2	4	3	4	3	-9	1	1	3	1	1	1	5
t_LMK_05	1	3	3	3	1	2	1	3	1	-9	2	1	2	1	3	1	2	2	4	1	1	1	3	1	1	1	3	3
t_LMK_05	1	5	3	3	1	2	2	3	1	-9	2	5	5	2	5	1	2	2	4	3	1	1	4	1	3	1	4	3
t_LMK_06	1	1	1	1	1	2	1	5	2	2	2	3	4	3	2	1	2	3	4	1	1	1	1	1	4	1	1	1
t_LMK_06	1	3	1	1	1	2	2	5	2	2	2	4	4	3	2	1	2	3	4	1	1	2	1	2	4	1	1	6
t_LMK_07	1	4	3	3	1	5	1	3	1	-9	2	1	2	2	3	2	2	1	2	1	1	2	1	3	1	1	1	1
t_LMK_07	1	4	5	3	1	6	3	6	1	-9	3	1	2	2	5	3	2	1	3	1	1	5	1	3	5	1	1	1
t_LMK_08	1	1	3	3	1	4	1	3	2	3	2	1	1	3	3	3	2	4	4	1	1	2	1	3	1	2	1	3
t_LMK_08	1	6	6	3	1	5	1	6	2	3	2	4	2	4	5	4	2	5	5	1	1	2	3	3	1	2	3	3
t_LMK_09	1	7	1	2	2	4	1	3	1	2	2	3	2	3	2	4	2	2	1	3	1	1	1	2	4	2	1	1
t_LMK_09	1	7	4	3	2	5	1	3	1	2	4	3	4	5	2	4	2	5	4	3	1	1	4	2	4	2	4	1
t_LMK_10	1	1	1	3	1	4	1	3	-9	2	5	2	2	2	5	1	2	1	-9	3	1	1	1	1	1	1	1	5
t_LMK_10	1	2	1	3	1	4	2	6	-9	2	6	2	3	6	6	2	2	2	-9	3	1	5	1	3	2	1	1	5
t_LMK_11	1	7	1	3	3	1	1	3	1	-9	1	5	2	2	2	2	2	2	4	1	1	1	1	1	1	3	1	1
t_LMK_11	1	7	1	4	3	7	4	7	1	-9	1	5	6	3	3	4	2	2	6	1	1	6	1	1	6	3	1	1
t_LMK_12	1	1	1	3	1	7	2	3	3	-9	2	3	5	1	2	1	2	1	2	-9	1	1	1	1	1	2	1	3
t_LMK_12	1	1	6	5	3	8	4	8	3	-9	2	3	7	2	5	3	2	6	3	-9	1	2	1	2	1	2	1	3
t_LMK_13	1	1	1	3	1	2	2	3	1	2	2	1	2	7	2	2	2	3	4	1	1	1	1	1	1	1	1	1
t_LMK_13	1	1	1	3	1	9	2	3	1	2	7	1	4	7	3	3	2	5	4	2	1	1	1	2	3	2	1	5
t_LMK_14	1	1	1	3	-9	2	1	9	1	-9	2	1	2	8	2	1	2	2	4	1	1	1	1	1	1	1	1	3
t_LMK_14	1	1	3	3	-9	2	2	10	2	-9	2	1	2	8	2	2	2	3	4	3	1	2	1	1	1	1	1	3
t_LMK_15	1	1	5	2	1	4	1	3	1	4	-9	1	1	3	2	2	2	3	1	1	1	1	1	2	1	2	1	7
t_LMK_15	1	8	5	2	1	8	1	6	2	4	-9	1	2	3	2	4	2	5	4	1	1	3	1	2	1	2	1	7
t_LMK_16	1	1	1	1	-9	2	1	1	1	4	2	3	1	8	3	1	2	1	3	1	1	1	1	1	1	1	1	7
t_LMK_16	1	1	2	3	-9	4	1	3	1	4	2	4	3	8	6	2	2	1	3	1	1	3	1	1	6	1	1	7
t_LMK_17	1	1	3	3	1	1	2	3	-9	4	8	1	1	6	7	1	2	1	3	1	1	2	1	1	1	4	1	1
t_LMK_17	1	1	5	3	4	10	2	3	-9	4	9	5	2	6	7	4	2	1	3	1	1	2	1	2	2	4	1	6
t_LMK_18	1	4	6	3	2	1	2	3	1	3	1	2	2	1	2	2	2	1	2	3	1	2	1	1	1	1	1	7
t_LMK_18	1	4	6	3	2	1	2	3	2	3	1	2	4	2	2	2	2	1	3	3	1	2	1	2	5	2	1	8
t_LMK_19	1	1	1	1	1	4	1	4	1	1	2	2	4	2	2	2	2	-9	3	3	1	1	1	1	2	2	1	1
t_LMK_19	1	9	3	3	1	4	1	4	1	1	6	2	5	3	8	3	2	-9	3	3	1	1	1	2	7	2	1	1
t_LMK_20	1	4	3	3	3	1	1	1	2	4	1	2	2	2	7	2	3	3	3	1	1	1	1	2	1	2	1	1
t_LMK_20	1	4	5	6	3	1	1	3	2	4	1	4	2	2	7	4	3	7	3	2	1	3	1	2	1	2	1	1
t_LMK_21	1	7	1	3	1	4	1	3	2	-9	3	2	1	1	2	2	3	2	3	-9	1	1	1	1	1	1	1	1
t_LMK_21	1	7	3	3	1	5	1	3	2	-9	6	3	4	2	3	2	3	8	3	-9	1	1	5	3	1	2	5	1
t_LMK_22	1	1	1	3	1	4	1	3	1	-9	2	1	4	2	3	1	2	1	-9	3	1	1	1	1	1	2	1	5
t_LMK_22	1	1	5	3	1	5	1	10	1	-9	4	1	4	2	3	2	2	2	-9	3	1	3	1	2	8	5	1	5
t_LMK_23	1	6	1	3	1	4	1	4	1	2	2	2	1	2	2	2	2	1	2	1	1	1	1	1	1	4	1	8
t_LMK_23	1	7	1	3	3	7	1	8	1	2	2	3	8	3	2	2	2	1	3	1	1	5	6	2	1	4	6	8
t_LMK_24	1	1	3	3	1	2	2	3	1	-9	2	2	2	3	2	1	2	2	3	-9	1	1	1	1	1	1	1	3
t_LMK_24	1	2	6	3	1	5	2	3	1	-9	4	3	7	3	2	2	2	2	6	-9	1	1	2	3	5	1	2	3
t_LMK_25	1	1	1	3	5	2	1	3	1	1	2	1	5	3	-9	2	4	2	4	2	1	1	1	1	1	1	1	6
t_LMK_25	1	1	3	3	5	8	4	9	1	1	4	5	9	4	-9	3	4	2	5	2	1	1	1	1	1	1	1	9
t_LMK_26	1	4	1	3	3	1	1	7	-9	2	10	2	2	2	7	1	2	3	2	1	1	1	1	2	2	2	1	7
t_LMK_26	1	4	1	3	5	5	1	10	-9	2	10	3	2	3	7	2	2	7	4	1	1	2	7	2	2	2	7	7
t_LMK_27	1	1	1	3	3	1	1	1	1	2	1	2	5	2	2	1	2	2	3	1	2	1	1	1	2	1	1	1
t_LMK_27	1	3	3	3	3	11	1	3	1	2	1	2	10	3	2	3	2	2	3	3	2	1	1	3	2	1	1	1
t_LMK_28	1	1	1	3	1	4	1	1	-9	-9	5	3	1	3	2	3	3	3	4	1	1	1	8	3	1	1	8	1
t_LMK_28	1	2	1	3	3	11	1	9	-9	-9	11	3	1	9	2	4	3	3	4	1	1	2	8	3	1	1	8	1
t_LMM_01	2	1	1	3	3	1	1	1	1	4	1	3	1	2	9	2	2	3	7	-9	1	1	1	4	1	2	1	1
t_LMM_01	2	10	1	3	6	1	1	1	1	4	1	3	1	10	9	4	2	3	8	-9	1	2	1	4	2	3	1	1
t_LMM_02	2	6	1	7	1	4	1	6	1	-9	2	3	2	6	3	1	2	1	3	-9	1	1	1	1	4	3	1	8
t_LMM_02	2	6	3	8	1	12	1	6	1	-9	2	4	11	6	8	4	2	6	3	-9	1	7	1	1	4	3	1	8
t_LMM_03	2	6	1	3	1	8	1	5	1	-9	-9	1	2	2	9	2	2	1	4	1	1	1	-9	4	1	2	9	7
t_LMM_03	2	7	1	9	1	8	4	5	1	-9	-9	1	2	10	9	4	2	1	4	3	1	1	-9	4	2	3	9	8
t_LMM_04	2	5	1	1	7	9	1	6	1	-9	7	5	1	3	8	1	2	2	4	-9	1	1	1	2	1	2	1	1
t_LMM_04	2	10	7	7	7	9	5	6	1	-9	7	5	12	3	8	1	2	2	4	-9	1	1	1	2	1	2	1	5
t_LMM_05	2	6	1	3	1	4	1	6	1	-9	5	3	1	2	-9	2	2	2	4	-9	1	1	1	1	1	3	1	1
t_LMM_05	2	6	3	3	8	4	1	6	1	-9	5	3	1	11	-9	3	2	2	9	-9	1	2	1	1	1	3	1	10
t_LMM_06	2	1	1	3	-9	1	1	5	1	4	11	2	1	1	3	3	3	2	4	1	1	2	1	3	4	2	1	5
t_LMM_06	2	1	1	3	-9	11	1	5	1	4	11	4	2	1	3	4	3	2	4	3	1	2	1	3	4	2	1	5
t_LMM_07	2	1	1	1	1	1	1	2	1	-9	1	3	1	3	3	1	2	7	3	1	1	1	9	4	1	2	10	7
t_LMM_07	2	1	1	7	3	8	1	2	1	-9	1	3	4	3	3	1	2	7	3	1	1	2	9	4	6	3	10	7
t_LMM_08	2	1	1	7	3	9	1	1	1	4	7	3	1	3	2	1	2	1	3	-9	2	2	1	1	1	2	1	3
t_LMM_08	2	10	1	7	3	13	1	1	1	4	11	3	2	3	3	1	2	5	3	-9	2	2	1	5	1	3	1	3
t_LMM_09	2	1	1	3	1	4	1	6	1	-9	7	5	1	2	2	1	3	2	3	-9	1	2	1	4	2	2	1	8
t_LMM_09	2	6	8	10	3	9	3	9	1	-9	7	6	1	6	3	2	3	2	3	-9	1	2	9	4	2	2	10	8
t_LMM_10	2	1	7	10	1	1	2	1	1	3	1	7	2	2	3	1	2	2	4	2	1	1	1	4	1	2	1	5
t_LMM_10	2	1	7	10	1	1	2	11	1	3	1	8	2	3	8	2	2	5	10	2	1	2	1	5	5	3	1	5
t_LMM_11	2	6	7	1	3	1	1	2	1	-9	1	4	1	2	2	1	2	6	1	1	1	1	1	4	5	2	1	8
t_LMM_11	2	6	9	11	3	8	5	2	1	-9	1	9	1	3	10	2	2	6	4	3	1	1	1	5	5	3	1	8
t_LMM_12	2	6	1	2	-9	4	1	1	3	-9	7	2	2	2	9	2	2	5	-9	-9	1	-9	1	3	2	2	1	7
t_LMM_12	2	6	3	7	-9	13	1	1	3	-9	11	2	2	2	9	4	2	5	-9	-9	1	-9	1	3	9	2	1	7
t_LMM_13	2	4	1	7	1	8	1	1	1	-9	1	2	1	3	6	2	3	1	4	3	1	1	1	2	1	2	1	8
t_LMM_13	2	4	7	7	3	8	4	1	1	-9	1	2	2	3	6	2	3	1	4	3	1	2	1	2	5	2	1	8
t_LMM_14	2	6	4	3	1	1	1	9	1	-9	1	2	1	2	3	3	2	3	2	1	1	1	1	1	1	3	1	5
t_LMM_14	2	7	7	3	1	3	6	10	1	-9	1	3	11	2	3	3	2	5	3	3	1	1	1	1	2	3	1	5
t_LMM_15	2	3	3	10	3	1	1	5	1	-9	1	2	2	3	-9	1	2	3	4	1	1	1	9	4	1	2	10	8
t_LMM_15	2	7	3	12	3	8	7	5	2	-9	1	3	2	3	-9	2	2	5	4	3	1	1	9	4	3	3	10	8
t_LMM_16	2	6	3	3	1	1	1	8	1	-9	2	3	4	2	-9	4	2	1	4	3	1	2	1	-9	4	3	1	7
t_LMM_16	2	6	3	3	1	7	1	10	1	-9	2	9	13	12	-9	4	2	2	4	3	1	2	1	-9	5	3	1	7
t_LMM_17	2	1	1	7	1	1	1	6	1	-9	1	4	2	2	2	1	2	2	4	-9	1	1	1	2	5	2	1	1
t_LMM_17	2	1	4	7	1	8	1	6	1	-9	1	4	11	2	2	2	2	2	9	-9	1	2	1	2	5	2	1	5
t_LMM_18	2	4	1	3	1	4	1	9	1	3	2	2	1	3	6	1	2	2	3	1	2	1	1	3	2	1	1	5
t_LMM_18	2	4	9	6	1	8	4	9	1	3	2	2	1	3	6	2	2	2	3	3	2	2	9	3	7	2	10	5
t_LMM_19	2	1	1	7	1	4	1	1	1	3	11	3	1	1	7	1	2	3	4	1	1	1	1	1	1	2	1	3
t_LMM_19	2	1	1	10	3	8	1	9	1	3	11	4	1	2	7	2	2	3	4	1	1	2	1	2	2	2	1	3
t_LMM_20	2	1	3	7	1	4	1	1	1	-9	6	2	2	2	2	4	2	2	3	-9	1	1	9	2	1	2	10	1
t_LMM_20	2	10	3	12	3	5	1	3	2	-9	10	2	2	2	11	4	2	3	6	-9	1	2	9	2	1	2	10	1
t_LMM_21	2	1	1	1	1	1	1	6	1	4	1	2	1	2	2	1	2	1	1	1	1	1	-9	2	1	2	9	8
t_LMM_21	2	6	1	7	1	2	4	6	3	4	1	9	1	2	3	2	2	1	8	1	1	2	-9	2	1	2	9	8
t_LMM_22	2	10	1	7	1	1	1	6	-9	-9	1	3	1	3	-9	2	3	1	3	1	1	1	1	4	2	2	1	3
t_LMM_22	2	10	1	10	3	5	1	6	-9	-9	4	4	2	11	-9	4	3	2	3	1	1	2	1	4	2	3	1	3
t_LMM_23	2	4	4	7	-9	1	2	6	1	4	1	3	1	7	2	1	2	2	-9	1	1	1	1	3	1	1	1	3
t_LMM_23	2	4	10	13	-9	1	2	6	1	4	1	3	2	7	3	3	2	3	-9	1	1	3	1	3	8	2	1	3
t_LMM_24	2	1	1	1	1	4	1	9	1	4	5	5	1	2	3	1	2	2	3	-9	1	1	1	2	2	4	1	10
t_LMM_24	2	10	1	10	9	4	3	9	1	4	6	5	7	3	9	1	2	2	3	-9	1	2	9	2	2	4	10	11
t_LMM_25	2	1	1	1	1	8	2	2	1	2	7	2	1	4	3	2	2	3	4	1	1	1	1	2	2	2	1	7
t_LMM_25	2	10	7	7	1	9	2	2	3	2	7	2	1	6	3	2	2	3	4	3	1	1	1	2	8	2	1	7
t_LMM_26	2	1	1	6	1	1	1	9	1	-9	1	2	1	1	3	2	3	2	4	1	1	1	1	2	1	2	1	8
t_LMM_26	2	6	3	7	3	3	1	9	1	-9	1	4	2	1	3	4	3	2	4	1	1	1	9	2	6	2	10	8
t_LMM_27	2	1	1	3	3	11	1	1	1	-9	11	6	4	3	6	1	2	2	2	1	1	2	1	3	1	2	1	5
t_LMM_27	2	6	1	14	7	13	1	1	2	-9	11	6	11	3	6	1	2	2	3	1	1	2	9	3	2	2	10	8
t_LMM_28	2	5	1	1	1	4	1	6	1	1	10	2	1	2	2	1	2	3	2	1	1	2	1	1	2	1	1	3
t_LMM_28	2	10	1	6	1	5	3	9	1	1	10	2	2	2	2	4	2	3	3	1	1	2	9	2	4	2	10	3
t_LHS_01	3	1	1	3	1	3	2	6	-9	2	5	8	1	2	-9	2	3	1	1	-9	1	1	1	2	1	4	1	5
t_LHS_01	3	10	1	3	1	4	2	12	-9	2	11	8	7	3	-9	2	3	1	11	-9	1	2	1	2	1	4	1	5
t_LHS_02	3	4	4	3	1	1	1	1	2	5	5	2	1	13	2	3	2	1	1	1	1	2	10	3	1	2	11	5
t_LHS_02	3	11	10	3	1	12	1	3	2	5	5	2	1	13	8	5	2	1	4	1	1	8	11	3	3	5	12	5
t_LHS_03	3	1	1	3	5	5	4	10	2	-9	6	4	1	2	2	1	3	3	3	4	1	5	3	1	1	3	3	3
t_LHS_03	3	1	9	14	5	5	4	10	2	-9	10	8	4	2	12	3	3	9	12	4	1	9	12	1	1	3	13	3
t_LHS_04	3	4	1	3	1	1	1	6	2	4	5	1	1	4	1	2	2	1	3	1	1	1	13	1	1	3	14	1
t_LHS_04	3	4	11	15	10	5	1	6	2	4	5	1	2	4	3	3	2	10	3	1	1	1	13	1	6	3	14	12
t_LHS_05	3	4	1	3	5	1	1	3	1	1	5	3	14	9	2	1	2	5	3	1	1	1	1	4	1	3	1	7
t_LHS_05	3	12	8	3	5	5	5	10	2	1	5	3	14	14	2	3	2	6	6	1	1	2	1	4	1	3	1	12
t_LHS_06	3	1	9	3	1	5	1	3	2	-9	4	1	1	6	2	2	3	3	4	1	1	2	1	1	1	2	1	1
t_LHS_06	3	10	9	3	1	14	5	6	2	-9	11	1	1	9	3	6	3	3	10	1	1	8	1	2	2	5	1	9
t_LHS_07	3	7	1	4	1	3	6	6	2	-9	7	3	1	3	1	1	2	5	1	-9	1	10	11	4	1	2	12	1
t_LHS_07	3	7	4	12	1	9	6	9	2	-9	11	4	2	3	7	1	2	6	4	-9	1	10	11	4	6	3	12	1
t_LHS_08	3	4	1	3	1	5	1	3	1	4	5	1	4	4	-9	1	2	1	1	1	1	1	14	1	1	2	15	1
t_LHS_08	3	4	1	3	1	12	1	3	3	4	5	1	4	4	-9	2	2	1	2	1	1	1	14	2	2	5	15	2
t_LHS_09	3	1	1	3	1	8	1	11	2	-9	11	1	1	7	2	1	3	1	3	-9	1	1	1	3	10	1	1	1
t_LHS_09	3	13	12	14	1	11	4	11	2	-9	11	4	1	8	2	3	3	1	3	-9	1	1	1	3	11	2	1	5
t_LHS_10	3	6	1	3	1	1	1	3	1	4	5	2	4	1	3	2	2	5	1	-9	1	2	4	1	3	-9	4	6
t_LHS_10	3	7	1	12	1	3	1	8	3	6	12	3	15	4	3	6	2	9	1	-9	1	5	10	2	8	-9	11	10
t_LHS_11	3	1	5	3	1	1	1	3	1	4	5	3	4	2	-9	1	3	1	6	5	1	2	1	1	1	5	1	1
t_LHS_11	3	6	5	3	1	12	1	6	1	4	6	4	16	2	-9	2	3	1	8	5	1	2	1	6	2	5	1	9
t_LHS_12	3	4	1	3	1	5	1	3	1	-9	4	2	1	9	13	2	2	3	3	3	1	11	1	4	3	3	1	2
t_LHS_12	3	4	1	3	1	15	2	6	3	-9	11	2	12	9	13	3	2	6	6	3	1	12	1	6	10	3	1	3
t_LHS_13	3	1	9	3	3	16	1	-9	3	-9	10	2	1	2	14	3	2	2	1	1	1	2	1	3	2	6	1	3
t_LHS_13	3	6	12	9	3	17	2	-9	3	-9	10	2	15	2	14	3	2	5	1	1	1	12	1	3	2	6	1	12
t_LHS_14	3	1	1	3	1	5	2	1	1	-9	10	1	2	6	3	2	1	2	4	-9	1	2	1	2	5	2	1	7
t_LHS_14	3	1	9	15	1	5	2	11	1	-9	10	4	4	15	13	3	1	2	12	-9	1	2	1	2	12	2	1	8
t_LHS_15	3	10	12	3	1	1	1	3	1	4	5	2	1	6	15	1	2	3	1	3	1	2	1	1	5	1	1	1
t_LHS_15	3	10	12	3	8	1	1	6	3	4	5	3	2	10	15	1	2	3	1	3	1	8	1	1	5	1	1	6
t_LHS_16	3	1	1	3	1	4	2	6	-9	5	1	2	2	3	2	2	3	3	3	1	1	1	1	1	1	4	1	1
t_LHS_16	3	1	1	8	1	12	2	6	-9	5	6	3	2	4	2	5	3	5	3	1	1	2	1	6	3	4	1	12
t_LHS_17	3	1	1	3	1	12	1	6	4	7	5	2	1	16	13	1	3	1	1	1	1	1	1	2	1	2	1	1
t_LHS_17	3	1	12	4	1	12	2	6	4	7	5	2	7	16	13	3	3	2	1	1	1	2	1	2	2	2	1	5
t_LHS_18	3	7	4	3	1	8	1	6	2	-9	7	1	4	8	3	2	2	1	4	-9	1	8	11	2	1	2	12	1
t_LHS_18	3	7	13	11	1	17	4	6	5	-9	7	4	7	17	6	2	2	1	13	-9	1	8	11	2	2	2	12	1
t_LHS_19	3	8	5	3	1	1	1	11	2	-9	5	2	4	3	3	2	3	1	5	1	1	1	1	4	1	2	1	1
t_LHS_19	3	14	5	4	11	5	2	11	2	-9	5	2	13	13	3	3	3	6	6	1	1	1	6	4	1	3	6	1
t_LHS_20	3	15	1	3	1	5	2	-9	1	-9	2	4	1	6	2	1	1	6	4	1	2	1	1	4	1	2	1	4
t_LHS_20	3	15	5	3	1	5	2	-9	2	-9	6	5	6	6	2	1	1	6	4	1	2	8	5	4	5	3	5	9
t_LHS_21	3	1	5	3	5	4	1	6	3	-9	6	4	2	16	7	3	3	1	4	3	1	11	12	1	1	2	13	7
t_LHS_21	3	1	11	3	5	8	2	6	3	-9	6	8	17	16	7	3	3	6	4	3	1	11	12	2	2	5	13	7
t_LHS_22	3	1	1	3	4	1	1	6	2	4	5	1	4	2	7	2	2	1	1	4	1	1	1	2	1	2	1	1
t_LHS_22	3	13	1	8	4	17	1	6	2	4	5	4	5	6	7	5	2	1	2	4	1	1	1	2	1	2	1	6
t_LHS_23	3	1	4	3	1	4	4	3	-9	-9	7	1	4	15	2	2	3	5	3	1	1	1	12	3	1	2	13	10
t_LHS_23	3	1	4	4	1	9	4	8	-9	-9	7	5	13	16	8	3	3	6	3	1	1	1	13	7	1	7	14	13
t_LHS_24	3	1	1	3	1	4	2	6	1	2	6	2	2	3	2	1	3	3	1	1	1	1	1	2	1	4	1	1
t_LHS_24	3	1	4	3	4	5	4	6	1	5	6	2	4	3	2	5	3	6	4	1	1	2	1	2	3	4	1	1
t_LHS_25	3	1	1	1	1	1	1	5	1	-9	1	2	1	3	2	1	2	3	4	1	1	1	3	1	1	2	3	3
t_LHS_25	3	3	1	3	10	1	1	5	3	-9	6	4	1	3	6	3	2	6	6	1	1	1	12	2	1	5	13	3
t_LHS_26	3	1	1	1	1	5	1	6	1	4	5	3	1	4	7	2	3	1	4	3	1	2	6	3	1	1	6	7
t_LHS_26	3	13	9	3	12	5	1	6	1	4	5	4	4	7	7	7	3	1	4	3	1	2	6	3	8	2	6	7
t_LHS_27	3	3	1	3	8	17	1	1	5	8	5	1	1	4	3	2	3	1	3	1	2	1	10	3	2	1	11	6
t_LHS_27	3	4	1	3	8	17	4	7	5	8	5	1	2	4	3	2	3	6	3	1	2	8	10	3	2	1	16	6
t_LHS_28	3	6	1	3	10	3	1	6	1	-9	5	1	4	2	7	2	2	1	6	1	1	1	1	1	1	2	1	7
t_LHS_28	3	16	1	3	10	16	1	6	2	-9	5	1	7	2	7	3	2	1	8	1	1	2	11	6	1	5	12	8
t_LSC_01	4	4	1	2	7	12	2	7	6	-9	5	1	1	18	5	1	2	1	2	1	-9	7	1	2	1	4	1	1
t_LSC_01	4	4	1	3	7	18	2	10	6	-9	5	10	11	19	7	1	2	1	3	2	-9	11	1	2	13	4	1	5
t_LSC_02	4	1	1	11	7	5	1	12	1	-9	3	8	11	9	5	2	1	2	1	1	1	1	6	3	1	2	6	1
t_LSC_02	4	10	14	11	7	5	2	12	2	-9	10	8	17	9	5	8	1	2	9	1	1	2	11	3	3	2	12	1
t_LSC_03	4	1	1	3	1	4	1	11	2	9	5	2	2	1	7	2	2	1	4	1	1	1	-9	6	1	1	-9	8
t_LSC_03	4	1	4	12	1	12	2	11	2	9	6	2	2	1	7	2	2	7	4	1	1	6	-9	6	1	2	-9	8
t_LSC_04	4	6	15	6	2	2	1	9	1	1	2	2	2	7	3	2	2	3	14	1	1	1	1	3	10	2	1	1
t_LSC_04	4	11	15	11	8	3	8	9	3	1	2	3	11	7	3	2	2	6	14	1	1	1	1	3	10	2	1	1
t_LSC_05	4	4	3	2	4	4	1	5	2	6	5	1	1	14	7	2	2	2	15	3	1	2	11	1	1	1	12	1
t_LSC_05	4	4	3	3	8	18	1	5	2	6	5	10	2	14	7	2	2	5	15	3	1	2	11	1	2	2	12	1
t_LSC_06	4	15	4	4	1	4	1	3	1	4	6	1	2	9	5	1	3	1	1	1	1	6	1	3	7	1	1	5
t_LSC_06	4	15	7	11	8	8	2	13	1	4	6	1	2	17	5	2	3	1	4	1	1	11	1	3	7	2	1	5
t_LSC_07	4	1	1	2	13	1	2	6	5	1	1	1	1	3	1	1	3	11	2	-9	1	6	1	1	4	5	1	1
t_LSC_07	4	13	1	3	14	18	2	9	5	4	1	11	2	4	3	3	3	11	16	-9	1	6	1	1	4	5	1	1
t_LSC_08	4	1	6	4	5	4	1	7	6	-9	10	1	1	11	3	2	2	1	2	1	1	2	1	1	1	1	1	1
t_LSC_08	4	1	6	4	8	19	3	9	6	-9	10	1	11	11	3	3	2	1	2	1	1	2	1	3	8	1	1	5
t_LSC_09	4	6	1	3	1	4	1	6	5	-9	3	1	2	8	7	1	2	2	17	-9	1	1	1	3	1	1	1	7
t_LSC_09	4	13	4	3	1	4	1	6	6	-9	5	11	11	8	8	2	2	4	17	-9	1	2	11	3	8	2	12	7
t_LSC_10	4	1	7	3	1	1	1	7	1	10	1	1	2	1	7	1	2	1	3	1	1	1	1	1	4	4	1	6
t_LSC_10	4	3	9	4	1	18	4	7	2	10	1	1	11	1	7	1	2	1	3	1	1	1	1	3	4	4	1	11
t_LSC_11	4	6	1	6	7	10	1	6	2	-9	5	3	2	4	3	1	2	1	4	1	1	6	-9	3	1	1	-9	10
t_LSC_11	4	7	4	13	7	10	1	9	2	-9	5	12	11	16	3	2	2	2	6	1	1	11	-9	3	6	2	-9	14
t_LSC_12	4	4	1	3	1	8	2	9	1	1	12	3	1	7	2	1	2	2	4	3	1	2	2	2	2	1	2	7
t_LSC_12	4	4	5	13	1	18	2	9	6	1	12	11	4	7	16	2	2	2	15	3	1	2	10	2	2	2	11	10
t_LSC_13	4	1	1	6	1	12	1	5	1	-9	5	2	4	9	7	5	2	7	2	2	1	1	1	2	3	6	1	1
t_LSC_13	4	6	1	11	8	20	1	5	1	-9	7	4	4	15	7	9	2	7	3	3	1	2	4	8	3	6	4	1
t_LSC_14	4	3	1	3	10	4	-9	11	1	-9	5	3	2	15	8	1	3	5	4	1	1	2	1	2	1	1	1	1
t_LSC_14	4	10	1	4	15	4	-9	11	1	-9	6	12	12	20	8	1	3	6	5	1	1	2	1	2	13	2	1	1
t_ERIW_01	5	2	1	2	1	4	1	6	2	1	6	1	2	1	3	2	2	2	3	1	1	1	9	2	1	2	10	10
t_ERIW_01	5	7	1	3	1	11	2	6	2	1	6	6	2	8	17	2	2	3	18	2	1	2	9	2	8	2	10	10
t_ERIW_02	5	6	9	2	1	4	-9	6	5	2	5	1	1	16	3	1	3	4	2	1	1	1	1	3	1	1	1	6
t_ERIW_02	5	6	10	3	1	21	-9	6	5	2	13	1	18	16	9	2	3	7	9	1	1	1	6	3	8	8	6	9
t_ERIW_03	5	4	1	3	1	1	-9	7	2	11	8	2	4	2	7	2	3	7	1	-9	1	1	11	2	1	2	12	7
t_ERIW_03	5	4	5	12	1	1	-9	13	2	11	14	3	16	2	18	3	3	7	7	-9	1	7	11	2	2	2	12	7
t_ERIW_04	5	4	10	3	1	5	1	8	2	-9	10	2	1	4	2	1	2	3	3	1	1	1	12	3	1	2	13	1
t_ERIW_04	5	4	14	3	1	11	2	11	2	-9	11	11	2	4	6	3	2	7	6	3	1	2	12	3	3	2	13	1
t_ERIW_05	5	5	1	3	2	5	1	3	1	7	10	1	2	12	2	1	2	4	1	-9	1	1	1	3	1	1	1	1
t_ERIW_05	5	13	1	3	2	12	2	6	2	9	10	5	17	12	2	2	2	11	2	-9	1	5	11	3	8	2	12	6
t_ERIW_06	5	1	13	3	1	4	4	9	2	2	3	1	2	16	2	1	2	5	3	1	1	1	12	3	5	2	13	1
t_ERIW_06	5	9	13	10	1	5	9	9	2	9	5	4	11	16	6	2	2	11	3	1	1	2	12	3	5	2	13	5
t_ERIW_07	5	15	9	3	1	5	1	6	2	-9	5	2	1	3	9	1	2	7	1	3	1	11	1	3	2	2	1	1
t_ERIW_07	5	15	9	6	1	12	2	6	2	-9	5	11	2	3	9	1	2	7	12	3	1	11	11	3	4	2	12	6
t_ERIW_08	5	2	1	3	1	12	1	9	2	-9	5	5	1	6	7	1	2	7	1	3	1	1	-9	2	2	2	9	1
t_ERIW_08	5	15	4	3	8	13	4	9	2	-9	5	5	4	6	7	3	2	7	2	3	1	1	-9	2	3	2	9	1
t_ERIW_09	5	1	1	3	1	4	1	6	1	4	5	2	2	11	2	2	2	1	3	2	1	2	1	3	1	1	1	1
t_ERIW_09	5	14	1	6	1	5	6	9	1	4	11	2	2	11	2	2	2	6	10	3	1	2	3	3	2	2	3	1
t_ERIE_01	6	15	2	3	10	5	1	6	1	4	3	3	1	1	6	1	2	4	2	1	1	2	-9	3	1	1	-9	1
t_ERIE_01	6	15	12	4	16	5	1	7	2	4	10	4	9	17	6	2	2	5	3	1	1	2	-9	3	2	1	-9	1
t_ERIE_02	6	1	1	3	1	10	1	7	1	2	5	1	2	1	9	2	2	1	3	1	2	1	1	1	1	1	1	2
t_ERIE_02	6	17	3	4	1	22	2	9	2	2	11	4	8	1	9	2	2	12	6	3	2	1	4	2	2	2	4	11
t_ERIE_03	6	1	1	3	4	1	2	6	-9	2	6	3	2	1	2	2	2	7	5	3	1	1	1	3	1	2	1	5
t_ERIE_03	6	1	1	3	7	10	2	7	-9	2	8	3	8	21	2	2	2	7	19	3	1	1	4	3	1	2	4	6
t_ERIE_04	6	4	3	3	10	4	1	10	-9	4	6	1	1	1	3	1	3	1	4	1	-9	1	1	1	1	1	1	8
t_ERIE_04	6	4	3	13	10	4	2	14	-9	4	6	1	2	1	3	1	3	6	4	3	-9	1	1	1	2	7	1	8
t_ERIE_05	6	10	1	3	8	2	1	1	1	-9	2	1	2	1	2	1	1	4	1	1	1	2	1	2	1	1	1	8
t_ERIE_05	6	18	3	6	10	3	4	3	3	-9	2	4	5	1	3	2	1	12	20	3	1	2	1	8	2	2	1	8
t_ERIE_06	6	1	3	11	8	2	1	7	1	-9	2	2	5	7	2	1	1	2	8	1	1	1	7	2	1	2	7	5
t_ERIE_06	6	6	3	11	8	10	2	8	1	-9	8	2	8	7	9	3	1	2	21	3	1	1	12	2	2	2	13	8
t_ERIE_07	6	6	3	3	8	4	1	6	1	-9	6	1	2	16	6	1	1	1	1	1	1	2	14	2	7	6	15	1
t_ERIE_07	6	15	3	3	8	4	1	6	1	-9	6	5	4	16	9	2	1	9	1	1	1	3	14	2	7	6	15	10
t_ERIE_08	6	15	3	3	1	2	1	6	1	3	2	3	8	1	7	2	2	7	3	-9	1	2	-9	3	1	2	-9	6
t_ERIE_08	6	15	5	3	4	4	2	6	3	7	6	3	13	1	7	3	2	7	3	-9	1	8	-9	3	2	2	-9	6
t_ERIE_09	6	1	1	3	8	12	1	11	1	-9	5	3	2	1	2	2	2	4	8	1	1	2	7	2	1	1	7	6
t_ERIE_09	6	10	3	14	8	13	2	11	2	-9	5	3	7	1	2	2	2	4	17	3	1	2	7	2	1	2	7	6
t_ERIE_10	6	6	1	7	1	4	1	6	1	-9	2	3	5	7	6	2	3	1	3	-9	1	2	7	2	4	2	7	6
t_ERIE_10	6	6	8	8	1	5	1	15	1	-9	6	4	8	7	9	2	3	1	3	-9	1	2	9	7	4	7	10	7
t_ERIE_11	6	15	2	8	1	2	1	11	2	-9	2	3	2	14	2	1	2	7	2	2	2	2	1	1	1	1	1	2
t_ERIE_11	6	15	3	8	8	7	2	16	2	-9	2	3	7	14	2	2	2	7	2	2	2	2	1	3	6	1	1	6
t_ERIE_12	6	6	9	3	1	1	1	9	1	4	5	4	1	7	5	1	4	3	1	1	1	2	4	3	1	1	4	8
t_ERIE_12	6	15	9	3	4	9	1	16	3	4	12	5	1	7	9	2	4	7	1	3	1	12	4	3	6	1	4	8
t_ERIE_13	6	10	5	3	1	4	1	3	2	-9	5	2	2	7	2	1	2	-9	3	1	1	12	4	3	1	1	4	2
t_ERIE_13	6	11	12	6	9	4	2	14	2	-9	6	2	2	7	6	2	2	-9	8	2	1	12	4	3	2	1	4	6
t_ROC_01	7	6	9	8	5	2	1	2	1	4	5	3	4	6	7	1	2	1	1	1	2	2	1	1	7	1	1	7
t_ROC_01	7	13	10	8	5	16	1	2	1	4	5	3	4	15	7	2	2	1	1	1	2	2	1	2	7	2	1	7
t_ROC_02	7	6	3	3	17	3	2	8	1	4	6	1	2	6	2	1	2	3	1	-9	1	1	12	2	7	9	13	2
t_ROC_02	7	15	9	4	18	4	2	8	1	4	12	1	7	6	3	2	2	12	20	-9	1	1	12	9	7	9	13	6
t_ROC_03	7	9	3	3	1	4	2	9	1	-9	5	3	2	2	3	1	2	1	4	3	2	1	4	2	5	2	4	1
t_ROC_03	7	13	7	3	1	14	2	9	1	-9	6	9	4	3	3	2	2	2	9	3	2	1	4	2	5	2	4	5
t_ROC_04	7	1	3	3	1	14	1	6	1	4	5	1	2	6	2	1	1	10	4	-9	1	1	7	2	1	2	7	1
t_ROC_04	7	10	3	3	1	14	1	6	2	4	5	1	2	15	5	2	1	10	4	-9	1	1	7	2	2	2	7	1
t_ROC_05	7	13	7	2	9	4	2	9	1	-9	12	2	1	6	3	1	3	1	1	1	1	2	4	1	1	1	4	6
t_ROC_05	7	15	11	3	9	18	2	9	1	-9	12	3	2	10	17	1	4	1	1	3	1	2	4	6	2	1	4	7
t_ROC_06	7	7	10	3	8	2	2	8	1	4	5	3	1	6	5	1	2	1	22	2	1	1	1	3	1	1	1	6
t_ROC_06	7	7	10	3	8	16	2	9	2	4	5	4	8	6	5	2	2	2	22	3	1	2	4	3	2	2	4	9
t_ROC_07	7	1	7	3	1	5	1	6	1	4	4	3	2	2	2	2	2	7	4	1	1	1	1	1	1	1	1	6
t_ROC_07	7	6	7	3	3	14	4	9	3	4	5	3	5	2	2	2	2	7	4	1	1	2	1	2	2	2	1	7
t_ROC_08	7	5	1	3	1	2	4	6	1	4	2	4	1	7	3	1	2	7	3	1	1	1	1	3	1	1	1	7
t_ROC_08	7	7	7	3	8	8	10	6	1	4	2	13	7	21	9	2	2	10	20	1	1	1	11	3	2	2	12	7
t_ROC_09	7	6	3	3	1	2	1	6	-9	-9	2	3	1	6	7	2	3	12	3	1	1	1	1	1	1	1	1	9
t_ROC_09	7	6	3	3	8	4	2	6	-9	-9	6	3	2	6	7	3	3	12	3	3	1	2	11	2	2	2	12	9
t_ROC_10	7	15	6	3	8	4	1	4	2	-9	1	2	2	1	2	2	2	1	1	-9	2	1	1	1	1	1	1	1
t_ROC_10	7	15	9	3	8	16	2	8	2	-9	6	3	7	1	3	2	2	1	9	-9	2	2	11	2	6	2	12	5
t_ROC_11	7	1	3	3	5	5	1	7	3	7	4	2	4	7	2	2	3	2	4	3	2	1	1	2	1	2	1	5
t_ROC_11	7	1	3	11	8	5	1	9	3	7	4	3	5	7	11	2	5	3	4	3	2	1	1	2	1	2	1	6
t_ROC_12	7	1	7	1	4	14	1	6	2	7	5	3	8	3	3	2	2	2	4	2	1	1	1	2	2	1	1	6
t_ROC_12	7	1	7	6	4	14	2	9	2	7	5	3	8	3	3	4	2	2	4	3	1	1	11	2	2	2	12	7
t_ROC_13	7	13	1	3	4	12	1	8	1	4	1	3	1	1	-9	2	3	1	3	2	1	2	4	2	5	2	4	7
t_ROC_13	7	19	9	3	18	18	2	10	1	4	1	3	4	1	-9	2	4	2	3	2	1	2	7	2	7	2	7	7
t_ROC_14	7	1	3	3	1	4	1	-9	1	-9	5	3	1	1	2	2	2	1	3	1	1	1	1	2	1	1	1	5
t_ROC_14	7	6	9	3	1	18	2	-9	2	-9	5	3	2	2	2	4	2	1	12	3	1	1	1	2	2	2	1	6
t_ROC_15	7	1	1	3	5	5	1	6	2	4	2	1	2	4	2	2	2	10	4	1	1	1	1	2	1	2	1	1
t_ROC_15	7	3	1	3	5	7	1	9	2	4	4	1	2	6	3	2	2	10	6	1	1	1	7	2	5	2	7	6
t_ROC_16	7	1	7	3	-9	4	2	6	1	4	6	3	2	7	9	1	2	1	5	1	1	2	4	3	1	6	4	6
t_ROC_16	7	1	7	3	-9	16	2	6	1	4	6	4	2	14	9	1	2	1	6	1	1	2	4	3	1	6	4	14
t_ROC_17	7	4	3	3	1	3	1	9	1	2	5	3	4	2	2	1	1	1	1	1	1	1	11	3	10	2	4	2
t_ROC_17	7	4	3	8	1	16	1	9	1	2	12	10	9	3	11	1	1	1	20	3	1	1	11	3	10	2	4	7
t_ROC_18	7	6	3	3	1	2	1	3	2	4	5	1	4	6	2	1	3	2	4	1	1	1	1	2	2	1	1	7
t_ROC_18	7	14	3	11	19	14	2	6	2	4	5	1	7	6	9	2	3	2	4	1	1	2	11	2	2	2	12	7
t_ROC_19	7	1	1	2	5	2	1	9	1	3	2	3	2	2	4	2	3	3	1	1	1	8	1	1	1	1	1	6
t_ROC_19	7	1	1	3	8	4	2	13	1	3	6	3	4	10	9	2	3	10	1	2	1	8	1	3	1	1	1	7
t_ROC_20	7	6	1	1	18	8	1	6	4	4	-9	3	4	3	2	1	3	1	-9	1	1	2	1	2	1	2	1	7
t_ROC_20	7	7	11	3	18	8	2	14	4	4	-9	4	8	7	2	2	3	2	-9	1	1	2	1	2	1	2	1	7
t_ROC_21	7	13	1	3	8	18	1	4	1	-9	4	1	5	3	9	1	2	7	1	1	1	8	7	3	1	2	7	7
t_ROC_21	7	15	11	3	8	18	3	7	1	-9	5	1	8	7	9	2	2	10	1	3	1	8	7	3	6	2	7	7
t_ROC_22	7	6	4	6	8	4	1	6	2	4	6	3	1	3	3	1	3	4	4	1	1	1	1	2	2	1	1	14
t_ROC_22	7	6	4	11	8	5	1	7	2	7	6	3	2	7	3	1	3	7	6	1	1	1	7	2	2	2	7	14
t_ROC_23	7	6	1	3	4	5	2	6	1	4	10	3	2	2	-9	2	2	1	1	-9	1	1	10	2	4	2	11	6
t_ROC_23	7	14	3	3	4	16	2	9	2	4	10	3	5	2	-9	2	2	2	4	-9	1	2	11	2	4	2	12	7
t_ROC_24	7	7	4	3	1	2	1	9	-9	-9	2	3	2	3	9	2	3	2	18	1	1	2	1	3	1	1	1	6
t_ROC_24	7	7	11	3	4	23	2	9	-9	-9	2	3	4	3	9	2	3	2	22	3	1	2	11	3	2	2	12	7
t_ROC_25	7	1	3	3	8	5	2	2	1	4	4	5	1	9	1	1	2	2	3	1	2	13	7	2	2	1	7	5
t_ROC_25	7	14	3	4	18	8	2	7	1	4	4	9	1	15	3	2	2	2	3	1	2	13	7	2	2	2	7	5
t_ROC_26	7	1	3	3	4	4	1	11	1	4	4	3	1	4	2	1	3	2	4	1	2	1	11	2	1	2	12	6
t_ROC_26	7	1	3	6	4	23	1	11	1	4	11	3	2	11	2	2	3	2	4	1	2	2	11	2	2	2	12	7
t_ROC_27	7	10	1	1	-9	2	1	6	2	4	2	3	4	1	5	2	3	1	4	1	1	1	4	1	1	1	4	5
t_ROC_27	7	10	3	3	-9	8	2	6	2	4	2	3	17	1	5	2	3	7	4	3	1	8	12	1	6	1	13	10
t_ROC_28	7	10	1	3	1	2	1	1	1	-9	2	3	8	7	2	2	1	7	3	1	2	1	1	3	2	2	1	5
t_ROC_28	7	10	9	8	4	18	1	3	1	-9	2	3	8	7	3	2	1	7	3	3	2	1	1	3	7	2	1	6
t_OSW_01	8	7	11	3	11	5	1	6	2	4	6	1	2	6	3	1	2	6	9	1	1	1	1	3	1	1	1	6
t_OSW_01	8	7	12	3	11	5	2	6	2	4	6	1	4	6	3	2	2	6	9	1	1	2	1	3	1	1	1	9
t_OSW_02	8	2	1	3	5	5	-9	6	1	-9	4	2	1	3	2	1	2	11	1	1	1	11	4	2	1	6	4	1
t_OSW_02	8	13	9	3	5	24	-9	7	2	-9	11	3	11	9	2	2	2	11	4	1	1	11	5	2	3	6	5	1
t_OSW_03	8	6	7	1	1	5	1	6	1	-9	4	3	1	1	2	2	2	1	3	1	1	1	1	2	2	2	1	4
t_OSW_03	8	6	9	11	4	5	2	6	1	-9	4	4	8	2	3	2	2	2	3	1	1	2	4	2	2	2	4	7
t_OSW_04	8	6	1	3	1	4	1	6	2	4	5	3	4	1	2	2	3	7	1	1	1	1	1	10	1	1	1	7
t_OSW_04	8	7	7	4	8	14	1	9	2	4	6	9	8	2	2	2	3	7	4	3	1	8	7	10	1	1	7	7
t_OSW_05	8	6	-9	2	1	5	1	6	1	4	4	13	5	3	7	2	2	1	3	5	1	1	11	2	1	1	12	1
t_OSW_05	8	13	-9	3	1	23	1	6	2	4	11	13	5	3	7	3	2	1	3	5	1	1	12	2	2	2	13	1
t_OSW_06	8	6	7	1	4	5	2	7	1	4	4	2	1	6	3	1	3	10	1	1	1	1	4	2	1	2	4	2
t_OSW_06	8	7	13	8	4	5	2	8	1	4	10	3	11	6	3	2	3	10	4	1	1	1	6	2	2	2	6	6
t_OSW_07	8	5	10	3	1	3	1	8	1	2	6	3	2	3	2	2	2	1	1	1	1	1	1	3	1	6	1	1
t_OSW_07	8	6	11	3	4	14	1	8	2	2	11	3	2	9	2	2	2	2	1	1	1	1	1	3	6	6	1	9
t_OSW_08	8	1	11	3	1	3	1	9	1	4	7	1	1	16	2	1	2	4	4	1	1	11	1	1	1	4	1	4
t_OSW_08	8	13	11	5	1	5	2	10	1	7	11	1	19	16	2	1	2	6	4	1	1	11	6	2	1	4	6	7
t_OSW_09	8	6	5	3	2	4	1	9	2	-9	5	1	1	11	-9	1	2	6	1	1	1	1	9	2	2	4	10	7
t_OSW_09	8	6	7	3	4	18	2	9	2	-9	12	1	11	11	-9	2	2	6	1	1	1	1	9	2	10	4	10	7
t_OSW_10	8	6	1	3	1	4	6	11	-9	4	6	8	7	6	2	2	3	7	2	1	1	2	1	3	1	2	1	1
t_OSW_10	8	6	4	3	9	11	6	11	-9	4	11	8	8	6	3	2	3	7	5	1	1	2	4	3	2	2	4	5
t_OSW_11	8	-9	11	3	-9	13	1	6	1	4	5	1	1	11	9	1	2	-9	-9	1	2	-9	-9	-9	-9	2	-9	14
t_OSW_11	8	-9	11	3	-9	13	1	6	1	4	11	4	4	11	9	1	2	-9	-9	1	2	-9	-9	-9	-9	2	-9	14
t_OSW_12	8	3	4	1	1	4	2	6	3	4	6	1	2	6	3	1	2	1	4	1	1	1	1	3	2	4	1	6
t_OSW_12	8	7	7	3	1	5	2	6	3	4	6	10	4	6	3	1	2	10	4	3	1	1	1	3	10	4	1	6
t_OSW_13	8	9	-9	4	1	4	1	3	-9	-9	4	13	2	13	2	1	3	4	4	3	1	1	1	2	1	1	1	1
t_OSW_13	8	15	-9	8	1	5	1	9	-9	-9	10	13	2	21	16	2	3	6	4	3	1	2	4	2	2	2	4	1
t_OSW_14	8	1	4	2	5	5	1	9	1	4	4	13	2	16	7	1	1	3	3	1	1	1	1	1	1	1	-9	6
t_OSW_14	8	6	4	4	13	8	2	9	1	4	5	13	4	16	19	2	1	3	3	1	1	1	1	1	3	1	-9	6
t_OSW_15	8	1	7	3	1	8	1	9	2	4	2	3	1	9	1	1	2	2	1	1	1	1	1	2	4	4	1	5
t_OSW_15	8	1	10	3	12	8	2	10	2	4	2	3	2	9	3	1	2	10	4	3	1	1	11	2	4	4	12	6
t_OSW_16	8	6	3	3	5	5	1	6	-9	-9	4	1	2	1	5	2	3	4	1	3	2	1	1	1	2	2	1	6
t_OSW_16	8	13	12	4	5	23	1	9	-9	-9	11	1	4	2	6	2	3	6	1	6	2	1	1	2	10	2	1	7
t_OSW_17	8	7	1	3	1	4	1	3	3	-9	5	2	4	3	7	1	3	1	1	1	1	11	1	2	1	1	1	1
t_OSW_17	8	7	1	4	1	14	2	6	3	-9	6	3	5	7	7	2	3	1	4	1	1	11	1	2	1	2	1	5
t_OSW_18	8	6	9	3	1	2	1	6	1	4	2	3	4	2	3	1	2	7	3	1	1	1	12	3	1	1	13	1
t_OSW_18	8	6	10	3	4	4	1	6	2	4	6	4	8	6	3	2	2	7	3	3	1	1	12	3	2	2	13	6
t_OSW_19	8	9	1	1	18	5	1	6	1	-9	4	3	4	4	3	1	3	3	4	2	2	1	1	3	1	1	1	1
t_OSW_19	8	14	5	7	18	8	1	7	1	-9	4	4	4	4	9	2	3	10	5	2	2	1	1	3	2	2	1	1
t_OSW_20	8	4	1	3	8	3	1	8	-9	4	10	3	2	6	3	1	3	4	20	1	1	1	1	3	1	1	1	7
t_OSW_20	8	13	3	3	8	4	2	8	-9	4	11	10	2	6	3	9	3	4	20	1	1	1	1	3	2	2	1	7
t_OSW_21	8	1	4	3	8	8	1	2	-9	4	-9	3	2	2	7	2	3	2	1	2	1	2	1	4	1	2	1	7
t_OSW_21	8	1	4	8	8	18	4	2	-9	4	-9	3	4	6	7	4	3	10	1	2	1	12	1	4	2	3	1	7
t_OSW_22	8	4	7	2	1	4	4	3	2	4	6	3	1	12	2	2	2	2	4	1	2	2	1	3	7	2	1	1
t_OSW_22	8	4	7	3	1	5	4	8	2	4	6	4	17	17	3	4	2	2	22	1	2	12	1	3	7	2	1	5
t_OSW_23	8	6	11	1	8	8	2	9	-9	4	11	3	2	3	-9	1	3	10	3	1	2	2	4	2	1	2	4	5
t_OSW_23	8	6	11	3	18	23	2	9	-9	4	11	4	8	3	-9	1	3	10	6	2	2	2	7	2	14	2	7	5
t_OSW_24	8	14	7	3	5	4	2	6	2	4	6	3	1	13	2	1	2	10	2	2	1	-9	1	3	-9	1	1	1
t_OSW_24	8	14	15	3	5	8	4	6	2	4	6	3	2	13	2	2	2	10	4	2	1	-9	1	3	-9	1	1	6
t_OSW_25	8	1	7	3	18	4	1	11	1	-9	6	2	1	10	-9	1	2	7	4	1	1	2	7	2	7	2	7	1
t_OSW_25	8	8	7	3	18	4	3	11	1	-9	11	3	11	16	-9	2	2	7	22	3	1	2	7	2	7	2	7	1
t_OSW_26	8	1	9	3	1	3	4	3	1	-9	11	1	2	1	2	1	2	1	4	2	1	2	1	2	1	2	1	5
t_OSW_26	8	10	9	3	1	23	4	8	2	-9	11	1	5	13	2	2	2	2	4	3	1	2	4	2	2	2	4	6
t_OSW_27	8	1	1	3	3	2	1	6	7	4	2	3	4	3	13	2	3	3	1	1	1	1	1	3	1	1	1	7
t_OSW_27	8	17	13	6	3	5	2	6	7	4	6	3	8	3	13	4	3	11	1	2	1	1	1	3	2	2	1	7
t_OSW_28	8	13	5	4	1	4	1	9	1	-9	5	1	1	6	3	1	2	7	1	1	1	1	1	1	1	2	1	1
t_OSW_28	8	15	9	7	4	5	1	9	2	-9	6	1	2	21	3	2	2	7	1	3	1	1	1	2	2	2	1	5
t_ECAN_01	9	1	3	3	1	3	1	3	2	3	12	1	5	13	2	2	2	1	3	2	2	1	12	3	10	1	13	1
t_ECAN_01	9	6	5	4	8	5	1	9	2	3	12	5	9	14	2	2	2	7	8	3	2	1	12	3	10	2	13	6
t_ECAN_02	9	6	12	3	1	4	1	8	2	4	6	3	2	11	2	2	2	6	1	1	1	1	1	3	1	1	1	1
t_ECAN_02	9	15	12	6	1	4	11	15	2	4	6	3	13	11	2	2	2	9	1	1	1	2	7	3	6	1	7	2
t_ECAN_03	9	1	1	3	1	4	2	3	1	6	6	3	1	6	2	1	1	1	4	1	1	1	1	3	1	1	1	1
t_ECAN_03	9	6	1	13	1	5	2	8	1	6	6	3	1	6	6	2	1	11	4	1	1	1	1	3	6	1	1	5
t_ECAN_04	9	6	1	3	9	2	1	3	2	-9	2	3	1	6	2	2	4	3	1	1	-9	1	7	2	2	2	7	1
t_ECAN_04	9	15	1	8	13	18	1	8	2	-9	2	3	1	6	9	2	4	7	8	1	-9	1	14	9	2	2	15	1
t_ECAN_05	9	1	4	3	8	4	1	4	1	-9	6	3	2	1	2	1	2	1	2	1	2	1	14	8	2	1	15	5
t_ECAN_05	9	6	4	6	8	5	1	9	2	-9	6	3	13	14	2	2	2	1	2	2	2	2	14	8	7	1	15	5
t_ECAN_06	9	1	1	8	8	1	1	7	1	4	5	1	2	9	9	2	1	1	3	2	1	1	1	1	1	1	1	2
t_ECAN_06	9	1	3	8	8	18	1	10	2	4	12	1	9	12	9	2	1	2	3	2	1	2	3	3	2	1	3	7
t_ECAN_07	9	1	1	1	1	1	1	9	1	3	12	2	2	1	7	2	1	2	1	1	1	2	1	1	10	1	1	2
t_ECAN_07	9	1	9	3	1	3	5	9	2	3	12	3	8	1	18	2	1	3	20	1	1	2	1	2	10	2	1	6
t_ECAN_08	9	1	1	3	16	4	2	-9	1	-9	6	2	1	9	2	2	1	7	20	1	2	1	7	1	1	1	7	6
t_ECAN_08	9	6	1	13	16	4	2	-9	1	-9	6	3	11	9	2	5	1	7	20	3	3	1	7	3	2	1	7	7
t_ECAN_09	9	14	3	3	8	3	1	9	1	4	6	2	7	9	2	2	2	4	8	3	1	1	14	3	1	1	15	1
t_ECAN_09	9	18	3	11	8	4	1	9	2	4	6	3	9	17	5	2	2	4	8	3	1	2	14	3	1	2	15	2
t_ECAN_10	9	1	5	8	1	4	1	9	1	6	6	3	1	1	2	2	2	5	3	1	2	1	7	1	1	6	7	6
t_ECAN_10	9	10	5	12	8	14	2	16	2	6	11	3	9	1	6	2	2	6	3	3	2	2	7	3	6	6	7	7
t_ECAN_11	9	15	3	3	8	4	1	6	2	-9	5	5	5	1	2	2	2	7	20	3	1	1	5	1	2	4	5	5
t_ECAN_11	9	15	9	11	8	25	2	6	2	-9	6	9	9	1	3	2	2	7	20	3	1	2	5	2	7	4	5	6
t_ECAN_12	9	15	1	3	1	1	2	6	1	6	3	3	4	1	9	1	2	1	1	3	2	1	1	1	7	4	1	6
t_ECAN_12	9	15	1	6	1	5	2	6	1	6	12	3	13	1	9	2	2	6	8	3	2	1	1	5	7	4	1	15
t_ECAN_13	9	15	3	8	8	4	2	9	1	-9	6	1	5	7	2	2	3	1	9	1	1	1	14	1	1	4	15	6
t_ECAN_13	9	15	3	11	8	4	2	9	1	-9	6	1	5	7	2	2	4	1	9	2	1	1	14	2	3	4	15	7
t_ECAN_14	9	15	1	3	1	1	1	6	1	6	1	2	7	1	2	1	2	1	1	1	1	1	1	3	1	1	1	2
t_ECAN_14	9	18	1	3	1	1	4	6	2	6	6	2	7	14	5	2	2	6	9	3	1	2	1	3	1	1	1	2
t_ECAN_15	9	6	1	3	1	4	1	6	1	9	3	4	1	3	7	2	2	1	9	1	1	2	1	3	1	1	1	1
t_ECAN_15	9	10	1	4	8	5	2	6	2	9	6	5	8	3	18	2	2	1	9	3	1	2	1	3	1	2	1	2
t_ECAN_16	9	5	1	3	16	3	1	3	-9	4	2	2	5	1	2	1	2	7	2	3	2	1	1	3	2	1	1	9
t_ECAN_16	9	6	11	6	16	26	1	8	-9	4	2	3	7	15	8	2	2	7	20	3	2	2	1	3	10	1	1	9
t_ECAN_17	9	6	3	3	4	2	1	3	1	4	2	3	5	6	2	2	2	13	4	3	2	1	14	2	1	1	15	1
t_ECAN_17	9	11	3	4	16	5	2	11	2	4	4	3	9	6	6	2	2	13	19	6	2	1	14	2	6	2	15	1
t_ECAN_18	9	4	1	3	8	4	1	3	1	4	4	3	2	6	9	1	2	2	1	-9	1	1	1	3	1	1	1	5
t_ECAN_18	9	11	4	3	8	4	2	7	1	4	12	3	5	6	9	2	2	2	19	-9	1	2	1	3	1	1	1	6
t_ECAN_19	9	10	1	8	1	1	1	3	2	4	1	5	1	1	3	2	4	6	3	3	2	1	1	3	1	1	1	1
t_ECAN_19	9	10	12	13	8	2	1	8	2	4	1	5	7	1	6	2	4	6	8	3	2	9	7	3	2	1	7	1
t_ECAN_20	9	15	9	3	1	18	1	3	1	4	10	3	8	7	7	1	3	1	1	-9	2	1	10	2	1	2	16	2
t_ECAN_20	9	15	9	8	4	18	2	9	1	4	10	3	20	7	8	2	3	2	4	-9	2	2	10	2	1	2	16	6
t_CAY_01	10	6	1	2	1	1	2	8	2	4	5	2	9	6	2	1	2	3	1	2	-9	1	1	3	1	1	1	1
t_CAY_01	10	6	1	3	4	1	2	10	2	4	6	2	13	6	8	2	2	7	9	2	-9	3	1	3	6	2	1	1
t_CAY_02	10	5	1	2	1	1	1	7	1	4	1	2	1	11	2	2	1	1	20	3	1	1	7	1	1	1	6	1
t_CAY_02	10	6	1	8	1	2	1	13	2	4	1	4	1	11	5	2	1	6	20	3	1	2	7	1	1	1	6	1
t_CAY_03	10	1	1	6	1	5	2	7	1	4	4	3	4	6	2	2	4	3	4	3	1	1	3	1	1	1	3	2
t_CAY_03	10	1	1	11	1	12	2	10	2	4	5	3	8	6	2	2	4	3	4	3	1	1	3	3	3	1	15	7
t_CAY_04	10	15	1	3	1	4	1	9	2	4	3	3	8	1	2	9	2	1	8	1	1	2	4	3	1	1	4	1
t_CAY_04	10	15	1	6	4	5	1	9	5	4	6	10	13	1	2	9	2	1	8	1	1	2	7	3	2	1	7	2
t_CAY_05	10	1	1	3	16	18	1	9	1	4	2	2	1	1	2	2	2	7	20	-9	1	1	7	3	1	1	7	2
t_CAY_05	10	5	12	8	16	27	1	9	2	4	2	2	8	1	2	2	2	7	20	-9	1	1	7	3	2	2	7	7
t_CAY_06	10	15	1	11	8	1	1	7	2	4	6	3	1	8	7	1	2	1	20	3	-9	1	14	1	10	1	9	1
t_CAY_06	10	15	1	11	20	1	1	7	2	4	12	4	2	8	7	2	2	7	20	3	-9	1	14	2	10	2	15	2
t_CAY_07	10	1	1	6	8	1	1	6	2	4	5	3	9	3	2	2	2	6	19	3	1	1	4	1	1	4	4	1
t_CAY_07	10	6	3	8	8	12	1	9	2	4	5	4	9	3	5	2	2	13	20	3	1	3	14	2	1	4	15	2
t_CAY_08	10	1	4	3	1	4	2	9	1	12	3	3	5	3	2	2	2	1	3	1	1	2	1	1	1	4	1	1
t_CAY_08	10	1	9	3	4	5	2	10	1	12	6	3	7	3	2	2	2	7	20	3	1	2	4	2	1	4	4	1
t_CAY_09	10	1	1	3	1	3	2	3	2	-9	4	2	2	7	3	2	2	2	3	1	1	2	1	1	7	4	1	14
t_CAY_09	10	10	9	8	1	5	2	5	2	-9	12	3	9	8	3	2	2	13	8	1	1	2	1	2	7	4	1	14
t_CAY_10	10	1	1	2	1	4	6	8	1	4	3	3	8	1	2	2	4	6	9	1	1	1	9	11	1	2	10	2
t_CAY_10	10	1	3	3	8	5	6	8	3	4	5	4	13	1	6	2	4	6	9	3	1	2	9	11	1	3	10	2
t_CAY_11	10	6	1	6	1	3	2	9	1	4	3	1	5	1	3	2	2	1	9	3	1	1	4	2	1	2	4	2
t_CAY_11	10	6	1	8	1	5	2	10	2	4	12	1	9	1	6	2	2	6	20	3	1	1	14	2	6	2	15	2
t_CAY_12	10	5	3	3	1	3	1	7	2	-9	5	2	1	5	2	2	2	13	3	3	1	1	7	1	1	3	7	1
t_CAY_12	10	15	5	8	21	4	1	9	2	-9	11	2	1	9	3	2	2	13	3	3	1	2	14	1	2	3	15	1
t_CAY_13	10	1	1	3	4	4	2	3	1	4	6	1	2	1	3	2	4	1	3	3	1	2	4	2	3	6	4	1
t_CAY_13	10	6	4	3	4	4	2	5	1	4	11	1	2	1	6	2	4	1	20	3	1	2	7	2	7	6	7	1
t_CAY_14	10	15	1	3	1	1	1	9	2	4	1	2	1	1	2	1	2	1	3	2	1	1	7	3	3	1	7	1
t_CAY_14	10	15	1	6	1	1	4	9	2	4	6	2	2	1	6	2	2	1	3	3	1	2	14	3	7	1	15	2
t_CAY_15	10	18	1	3	1	2	2	8	1	4	2	1	2	7	2	2	1	1	20	3	1	2	1	2	1	2	1	2
t_CAY_15	10	18	3	8	1	4	2	10	2	4	6	4	7	7	5	2	1	6	20	3	1	2	3	2	1	2	3	7
t_CRO_01	11	6	3	3	1	28	1	3	1	2	5	3	1	1	5	2	2	2	3	5	1	1	7	2	7	6	7	1
t_CRO_01	11	11	12	8	1	29	1	7	2	2	12	10	1	14	6	2	2	3	6	5	1	1	14	2	7	6	15	1
t_CRO_02	11	10	1	2	1	3	1	9	1	-9	12	1	1	7	2	2	1	1	19	1	1	1	1	3	1	1	1	1
t_CRO_02	11	10	3	8	1	3	2	9	2	-9	12	1	11	8	9	2	1	7	20	3	1	8	7	3	1	2	7	1
t_CRO_03	11	6	1	3	4	1	1	6	1	-9	1	4	2	6	9	2	2	7	3	2	1	1	7	2	2	1	-9	1
t_CRO_03	11	15	7	3	16	1	1	9	2	-9	6	10	13	6	9	2	2	7	9	3	1	2	7	2	7	2	-9	1
t_CRO_04	11	1	1	8	1	1	6	11	1	4	1	2	2	9	5	2	2	5	3	-9	2	1	1	2	2	1	1	2
t_CRO_04	11	1	1	11	1	2	6	11	1	4	1	2	2	9	6	2	2	7	19	-9	2	2	1	2	7	2	1	6
t_CRO_05	11	4	1	6	1	2	1	9	1	-9	3	1	1	1	2	1	2	6	3	1	1	2	1	2	1	2	1	2
t_CRO_05	11	4	3	8	8	5	1	10	2	-9	11	1	1	1	5	2	2	6	20	1	1	2	7	8	3	2	7	2
t_CRO_06	11	5	3	2	8	3	2	7	1	4	5	5	1	7	2	1	2	4	3	1	-9	2	7	3	7	1	7	1
t_CRO_06	11	6	3	8	8	12	2	8	2	4	12	9	1	20	2	2	2	6	3	3	-9	2	7	3	7	2	7	6
t_CRO_07	11	10	5	8	8	4	1	7	2	2	6	5	9	1	3	2	2	3	3	1	1	1	1	1	10	1	1	1
t_CRO_07	11	10	5	11	9	5	2	9	5	2	6	10	13	1	9	2	2	7	3	1	1	2	1	3	10	1	1	2
t_CRO_08	11	15	1	3	4	4	1	3	2	3	2	1	7	1	3	9	4	7	9	1	1	1	7	2	1	1	7	1
t_CRO_08	11	15	1	8	4	4	1	8	2	3	6	1	8	1	17	9	4	7	20	3	1	2	14	2	2	2	15	5
t_CRO_09	11	1	4	8	1	1	1	9	1	4	6	3	7	7	2	2	2	2	9	1	-9	2	14	1	7	1	15	1
t_CRO_09	11	14	14	8	1	1	6	10	2	4	12	3	8	22	9	2	2	3	20	1	-9	2	14	1	7	1	15	1
t_CRO_10	11	1	4	2	1	4	1	3	1	4	6	2	2	7	6	2	2	2	1	1	1	1	4	3	10	1	4	2
t_CRO_10	11	1	9	4	4	4	1	10	2	4	6	10	7	22	9	2	2	2	1	3	1	2	14	3	10	1	15	2
t_CRO_11	11	1	5	2	1	3	2	3	2	-9	6	1	7	1	2	2	2	1	8	1	-9	1	14	2	1	2	15	6
t_CRO_11	11	10	7	3	1	4	2	9	2	-9	11	1	8	1	8	2	2	7	19	1	-9	1	14	2	6	2	15	6
t_CRO_12	11	15	1	3	1	4	1	10	1	4	5	3	5	11	2	2	2	1	3	-9	1	1	7	1	1	2	7	5
t_CRO_12	11	15	1	6	1	12	2	10	2	4	12	3	7	11	6	5	2	1	3	-9	1	2	14	2	6	5	15	6
t_CRO_13	11	15	1	1	1	4	1	5	2	4	6	1	2	3	6	1	3	3	6	1	-9	1	7	2	1	4	7	6
t_CRO_13	11	18	12	3	4	4	2	5	2	4	6	5	13	13	6	2	3	7	9	3	-9	2	14	2	2	4	15	7
t_CRO_14	11	15	1	3	1	2	1	8	1	-9	2	3	2	3	2	2	1	1	4	1	1	1	6	3	1	1	6	2
t_CRO_14	11	15	1	3	1	4	1	9	2	-9	6	3	9	9	5	2	1	1	4	3	1	2	6	3	3	2	15	7
t_CRO_15	11	4	6	3	1	3	1	8	1	4	6	5	2	7	3	1	1	1	3	3	1	1	4	2	1	1	4	2
t_CRO_15	11	6	9	6	1	4	1	9	1	4	11	10	13	15	9	1	1	6	19	3	1	2	14	2	2	2	15	7
t_CRO_16	11	15	1	3	4	10	1	11	1	-9	8	2	7	1	2	2	2	1	3	2	1	1	1	2	10	1	1	5
t_CRO_16	11	15	11	3	16	22	4	11	2	-9	12	2	13	1	2	2	2	1	3	3	1	1	4	2	10	1	4	8
t_CRO_17	11	1	3	3	4	1	1	8	1	4	5	2	1	6	2	2	4	7	3	5	-9	1	-9	4	8	2	-9	2
t_CRO_17	11	1	7	8	16	12	1	9	2	4	5	4	1	22	2	2	4	7	9	5	-9	1	-9	4	10	3	-9	2
t_CRO_18	11	15	1	3	1	1	2	3	2	-9	6	1	1	3	2	1	4	1	2	3	1	2	7	1	1	1	7	5
t_CRO_18	11	18	4	8	1	1	2	8	2	-9	12	1	1	7	2	2	4	7	20	3	1	2	14	3	1	1	15	6
t_ONO_01	12	9	3	2	4	4	1	8	1	-9	5	3	3	1	3	1	2	7	3	3	1	1	7	3	1	1	7	14
t_ONO_01	12	15	3	3	8	4	1	10	2	-9	6	3	13	1	4	1	2	7	3	3	1	1	9	3	6	1	10	14
t_ONO_02	12	1	3	3	1	3	2	2	1	-9	12	3	2	1	3	9	3	3	9	3	1	1	1	3	2	1	1	7
t_ONO_02	12	1	3	8	1	3	2	2	1	-9	12	3	3	4	6	9	3	3	9	3	1	1	1	3	10	2	1	7
t_ONO_03	12	1	3	4	3	4	1	9	2	-9	5	3	4	1	2	2	3	6	2	3	1	1	1	2	2	1	1	2
t_ONO_03	12	10	10	8	4	18	4	9	2	-9	6	3	13	1	2	2	3	6	20	3	1	3	7	2	7	2	7	6
t_ONO_04	12	4	3	3	1	1	1	10	1	1	1	2	1	6	2	2	2	3	9	-9	-9	1	14	3	10	1	15	1
t_ONO_04	12	4	3	11	1	26	1	10	1	4	1	3	4	13	9	2	2	6	9	-9	-9	2	14	3	10	2	15	2
t_ONO_05	12	1	9	3	1	2	1	3	2	-9	2	3	13	3	2	2	3	6	1	-9	2	1	1	1	10	1	1	1
t_ONO_05	12	10	10	5	1	5	1	10	2	-9	7	3	19	7	3	2	3	6	9	-9	2	1	9	3	10	1	10	1
t_ONO_06	12	15	5	2	1	4	1	8	1	-9	3	2	7	1	2	1	1	5	2	3	1	1	1	3	2	2	1	7
t_ONO_06	12	15	7	8	8	5	2	9	2	-9	12	3	7	21	6	1	1	6	3	3	1	1	7	3	7	2	7	7
t_ONO_07	12	9	10	3	1	4	1	3	1	-9	7	3	13	7	3	2	3	3	1	5	1	1	5	2	10	1	7	1
t_ONO_07	12	10	10	4	1	5	3	9	1	-9	7	10	19	7	19	2	4	6	1	5	1	2	7	2	10	10	7	1
t_ONO_08	12	6	1	3	1	3	1	3	1	-9	6	13	1	3	2	2	3	4	4	-9	1	2	14	1	1	1	15	6
t_ONO_08	12	6	1	3	8	4	2	9	1	-9	11	13	19	3	3	2	3	7	4	-9	1	2	14	2	6	2	15	7
t_ONO_09	12	1	3	3	1	3	1	8	1	4	6	3	7	9	2	2	1	2	2	1	1	12	4	1	1	4	4	1
t_ONO_09	12	1	9	4	1	4	1	9	1	4	12	3	13	21	2	2	1	2	3	1	1	12	4	6	1	4	4	2
t_ONO_10	12	4	1	3	8	4	2	8	1	-9	6	2	8	1	2	2	2	1	3	1	1	2	9	3	10	1	10	1
t_ONO_10	12	6	9	8	8	4	2	16	1	-9	6	2	13	14	9	2	2	2	3	3	1	2	9	3	10	1	10	2
t_ONO_11	12	6	1	2	1	4	1	8	1	-9	6	1	8	7	2	9	2	1	1	3	1	1	1	1	2	1	1	2
t_ONO_11	12	15	1	3	4	25	4	9	1	-9	8	4	13	21	3	9	2	6	1	3	1	1	7	2	2	2	7	7
t_ONO_12	12	1	3	3	1	4	1	3	1	-9	6	2	2	3	2	2	2	2	3	1	2	1	14	3	1	1	15	2
t_ONO_12	12	10	3	8	8	4	2	7	1	-9	6	2	5	3	2	2	2	2	3	3	2	2	14	3	1	2	15	6
t_ONO_13	12	13	1	3	1	4	2	7	2	12	6	2	1	7	-9	-9	2	2	2	-9	1	1	3	3	10	1	3	1
t_ONO_13	12	15	9	8	1	4	6	8	2	12	6	3	2	7	-9	-9	2	2	2	-9	1	1	3	3	10	2	15	1
t_ONO_14	12	10	1	4	4	5	1	8	1	4	3	2	2	7	-9	-9	2	3	1	-9	2	1	7	1	1	4	7	1
t_ONO_14	12	10	9	8	4	5	6	9	2	4	7	2	9	8	-9	-9	2	7	1	-9	2	7	7	2	6	4	7	6
t_ONO_15	12	1	1	3	4	4	1	7	1	4	6	2	1	16	1	1	3	7	8	3	1	2	4	3	1	1	4	1
t_ONO_15	12	10	3	8	4	5	1	9	1	4	6	10	7	16	3	1	3	7	19	3	1	2	6	3	6	2	6	6
t_ONO_16	12	1	1	3	1	4	6	3	1	4	5	3	1	1	2	9	2	2	1	1	2	1	1	1	10	4	1	1
t_ONO_16	12	10	1	6	1	12	6	5	1	4	6	3	8	1	2	9	2	13	8	3	2	2	1	3	10	4	1	1
t_ONO_17	12	1	10	3	1	4	2	3	1	4	6	2	2	6	2	1	3	4	1	-9	1	1	5	1	1	1	5	1
t_ONO_17	12	10	10	3	1	4	2	6	1	4	6	4	13	8	2	2	3	4	1	-9	1	1	12	3	2	2	13	1
t_ONO_18	12	4	10	6	4	4	1	3	2	-9	5	5	7	3	2	2	2	1	2	1	1	1	6	2	2	2	6	1
t_ONO_18	12	6	12	6	4	9	1	7	5	-9	7	5	19	7	9	2	2	1	20	3	1	2	12	2	10	2	13	5
t_ONO_19	12	4	2	6	4	3	2	6	1	8	11	2	1	3	3	1	2	1	4	1	1	1	4	2	1	2	4	1
t_ONO_19	12	5	7	8	8	8	2	7	1	8	11	3	2	3	6	2	2	2	4	3	1	1	14	2	1	2	15	1
t_ONO_20	12	6	1	3	1	4	1	3	1	4	6	3	8	7	5	2	1	1	2	5	1	1	1	3	2	1	1	2
t_ONO_20	12	6	1	6	1	4	1	3	1	4	6	3	16	7	9	2	1	7	9	5	1	2	7	3	10	2	7	7
t_ONO_21	12	10	1	3	1	3	2	3	1	2	3	5	2	7	2	1	1	4	8	-9	1	2	11	1	2	1	9	1
t_ONO_21	12	10	1	8	1	5	2	8	2	2	12	5	13	7	6	2	1	4	19	-9	1	2	11	2	7	2	12	1
t_ONO_22	12	9	1	4	13	4	1	7	-9	4	6	3	5	12	3	2	3	4	4	-9	1	2	7	3	1	1	7	1
t_ONO_22	12	15	3	8	13	4	1	9	-9	4	12	3	16	15	3	2	3	6	19	-9	1	2	9	3	1	2	10	1
t_ONO_23	12	1	1	3	3	3	2	3	2	4	5	1	2	1	6	1	3	6	1	3	1	1	4	1	1	4	4	1
t_ONO_23	12	13	1	4	3	3	2	8	2	4	11	10	13	1	9	3	4	6	19	3	1	1	14	3	2	4	15	1
t_ONO_24	12	1	-9	3	1	4	2	8	-9	-9	6	5	1	13	7	2	2	3	1	1	-9	1	9	3	10	1	10	2
t_ONO_24	12	13	-9	11	9	4	2	8	-9	-9	6	5	7	13	18	2	2	6	2	1	-9	1	9	3	10	1	10	7
t_ONO_25	12	6	3	3	1	2	1	6	1	2	2	2	1	7	5	2	1	7	20	2	1	1	7	3	7	1	7	14
t_ONO_25	12	18	3	6	8	4	1	9	2	2	6	3	9	8	9	2	1	7	23	3	1	2	7	3	7	1	7	14
t_ONO_26	12	15	3	2	1	5	-9	3	1	-9	4	3	2	8	3	2	2	1	20	1	1	1	7	3	2	1	7	7
t_ONO_26	12	15	3	3	4	5	-9	6	1	-9	4	3	7	11	8	2	2	2	20	1	1	1	7	3	7	2	7	7
t_ONO_27	12	15	10	3	3	4	6	5	1	4	6	3	1	7	9	2	1	7	1	3	2	2	9	2	2	2	10	6
t_ONO_27	12	15	12	3	4	5	6	5	2	4	6	3	1	7	9	2	1	7	8	3	2	2	9	2	7	2	10	7
t_ONO_28	12	15	5	6	1	4	1	6	2	4	3	1	2	1	6	2	3	4	1	2	1	1	10	1	1	1	16	5
t_ONO_28	12	15	9	6	1	4	1	16	2	4	6	9	19	1	9	2	3	4	5	3	1	2	10	3	2	1	16	5
t_ONE_01	13	1	9	3	7	5	1	3	1	4	5	13	19	3	9	2	3	4	2	-9	2	1	15	1	10	1	17	14
t_ONE_01	13	12	16	4	8	5	1	9	1	4	5	13	19	3	9	2	3	4	3	-9	2	2	15	3	10	2	17	14
t_ONE_02	13	6	10	3	1	4	2	3	-9	-9	6	2	2	1	2	1	3	1	1	1	1	1	14	2	10	1	15	7
t_ONE_02	13	15	10	6	8	4	9	8	-9	-9	6	3	2	13	9	1	3	10	1	1	1	1	14	2	10	2	15	7
t_ONE_03	13	5	1	2	4	5	1	8	-9	-9	3	3	2	16	3	1	3	1	1	1	1	1	4	1	1	4	4	14
t_ONE_03	13	9	4	4	8	5	2	9	-9	-9	4	3	13	16	3	2	3	1	8	3	1	2	12	1	6	4	13	14
t_ONE_04	13	15	1	3	8	4	1	8	1	3	6	2	2	3	3	2	3	1	1	3	1	1	5	2	1	1	5	2
t_ONE_04	13	15	3	3	8	4	2	9	1	3	6	2	8	7	17	2	3	7	4	3	1	1	12	2	1	1	13	7
t_ONE_05	13	6	1	2	8	4	1	8	1	4	5	2	13	3	2	1	3	1	6	3	1	2	1	3	1	1	1	1
t_ONE_05	13	15	7	3	8	4	1	9	1	4	6	2	19	13	6	2	3	7	8	3	1	2	9	3	2	1	10	1
t_ONE_06	13	1	1	3	1	4	1	8	1	-9	5	2	2	11	3	2	3	6	1	3	1	1	9	3	1	1	10	1
t_ONE_06	13	1	1	4	1	4	1	9	1	-9	6	9	8	11	3	2	3	6	1	3	1	2	9	3	1	2	10	1
t_ONE_07	13	1	5	4	1	3	1	9	-9	-9	6	2	3	16	2	2	2	3	1	3	1	1	1	3	10	1	1	2
t_ONE_07	13	6	5	6	1	4	4	10	-9	-9	12	2	9	16	5	2	2	6	4	3	1	2	9	3	10	2	10	7
t_ONE_08	13	6	7	3	8	-9	1	4	3	4	5	13	2	16	3	2	3	3	2	5	-9	1	1	3	1	1	1	1
t_ONE_08	13	15	7	3	8	-9	2	10	3	4	5	13	7	16	3	2	5	6	3	5	-9	1	1	3	1	2	1	1
t_ONE_09	13	6	3	3	1	12	2	9	3	-9	5	1	3	3	6	2	3	1	1	1	1	1	11	1	1	1	12	1
t_ONE_09	13	16	10	3	1	18	2	9	3	-9	5	4	19	3	20	2	5	1	8	2	1	2	11	2	2	2	12	1
t_ONE_10	13	4	7	3	-9	3	2	3	2	4	7	2	2	7	5	2	2	-9	1	3	1	1	5	5	1	2	5	1
t_ONE_10	13	4	9	3	-9	5	2	3	5	4	11	3	19	7	5	2	2	-9	4	3	1	1	9	11	6	3	10	1
t_ONE_11	13	4	10	3	4	4	1	3	-9	4	5	10	2	3	3	2	3	3	4	3	2	2	1	3	2	1	1	14
t_ONE_11	13	9	10	3	4	4	2	3	-9	4	6	13	3	7	8	2	3	10	4	3	2	2	1	3	10	2	1	14
t_ONE_12	13	1	7	3	-9	3	1	9	1	4	12	1	5	6	3	1	3	6	1	3	1	1	1	3	1	1	1	1
t_ONE_12	13	13	10	6	-9	3	1	9	1	4	12	1	19	6	3	2	4	6	4	3	1	1	1	3	1	2	1	1
t_ONE_13	13	4	9	2	16	18	2	9	1	4	4	1	16	3	3	2	2	3	1	3	1	1	1	3	2	1	1	1
t_ONE_13	13	4	12	3	16	18	2	9	1	4	5	1	19	3	9	2	2	7	4	3	1	2	1	3	10	2	1	1
t_ONE_14	13	1	1	3	1	4	1	9	2	-9	5	2	7	6	2	2	2	6	3	-9	1	11	1	1	1	1	1	8
t_ONE_14	13	5	1	4	4	4	2	9	2	-9	6	3	19	6	2	2	2	6	20	-9	1	11	1	3	1	2	1	8
t_ONE_15	13	4	3	3	8	4	1	8	1	4	5	2	2	3	2	2	3	6	4	1	1	1	12	3	2	1	13	7
t_ONE_15	13	4	3	4	8	4	6	10	1	4	6	2	19	11	6	2	3	13	8	3	1	1	12	3	2	2	13	7
t_ONE_16	13	15	5	3	8	1	1	8	1	4	5	13	2	3	2	1	3	1	3	-9	1	2	7	1	1	4	7	1
t_ONE_16	13	15	9	8	8	1	1	9	1	4	5	13	7	13	5	2	3	1	3	-9	1	2	9	2	1	4	10	2
t_ONE_17	13	15	7	3	4	5	2	7	2	-9	5	3	1	11	7	2	2	6	4	3	1	1	1	3	1	2	1	8
t_ONE_17	13	15	7	3	4	5	2	14	5	-9	7	4	7	11	7	2	2	6	4	3	1	2	5	3	2	2	5	8
t_ONE_18	13	9	7	8	-9	18	2	3	2	4	4	2	3	3	3	2	2	5	3	1	1	1	1	3	1	1	1	1
t_ONE_18	13	15	10	8	-9	18	2	9	5	4	5	2	19	3	3	2	2	6	3	3	1	2	1	3	1	2	1	2
t_ONE_19	13	4	1	2	7	5	1	3	1	-9	4	2	2	4	7	2	2	1	1	3	1	1	1	2	1	2	1	1
t_ONE_19	13	4	1	4	8	5	1	9	3	-9	4	3	8	11	7	2	2	10	1	3	1	2	11	2	1	2	12	1
t_ONE_20	13	9	1	3	1	1	1	8	-9	11	5	1	7	1	2	2	3	5	1	3	1	1	1	3	2	1	1	1
t_ONE_20	13	15	1	3	8	17	1	9	-9	11	5	1	19	1	5	2	3	6	8	3	1	2	1	3	2	2	1	1
t_ONE_21	13	1	4	3	-9	4	1	3	2	-9	6	2	3	3	3	2	3	1	3	1	1	1	1	1	1	2	1	2
t_ONE_21	13	1	7	4	-9	5	1	9	2	-9	6	3	19	3	8	2	3	6	3	2	1	1	1	2	2	5	1	14
t_ONE_22	13	1	3	3	-9	4	1	8	1	-9	5	1	2	7	3	2	3	1	4	3	1	1	12	1	1	1	13	1
t_ONE_22	13	10	3	3	-9	4	2	16	1	-9	6	1	16	7	3	2	3	6	4	3	1	2	12	3	1	1	13	1
t_ONE_23	13	5	10	2	1	3	1	3	5	-9	6	9	8	1	2	2	3	6	3	1	2	1	6	2	1	2	6	14
t_ONE_23	13	15	10	3	1	4	1	3	5	-9	12	13	13	13	3	2	3	6	3	3	2	2	6	2	1	2	15	14
t_ONE_24	13	4	9	3	7	2	1	3	-9	2	2	2	2	3	3	2	3	6	1	3	1	2	1	1	1	1	1	1
t_ONE_24	13	4	9	3	7	3	1	9	-9	2	2	2	5	3	3	2	3	6	19	3	1	2	2	1	2	1	2	1
t_ONE_25	13	1	10	3	7	1	1	9	1	4	5	3	19	21	2	2	2	6	1	1	1	1	2	3	1	1	2	7
t_ONE_25	13	10	10	6	7	12	1	10	1	4	12	3	19	21	9	2	2	13	1	3	1	1	14	3	1	2	15	7
t_ONE_26	13	4	1	3	4	18	2	7	3	-9	3	3	7	3	3	2	2	1	1	2	1	2	12	2	10	7	13	7
t_ONE_26	13	4	9	3	7	18	2	9	3	-9	5	3	19	4	8	2	2	7	4	3	1	2	12	7	10	10	13	7
t_ONE_27	13	6	7	3	1	1	1	3	1	-9	5	1	3	3	2	1	2	3	1	1	1	2	1	1	1	1	1	1
t_ONE_27	13	7	7	8	4	1	2	16	2	-9	5	4	16	7	2	2	2	13	4	1	1	2	1	3	2	1	1	1
t_ONE_28	13	10	10	3	-9	3	1	3	2	-9	6	2	13	16	3	1	2	-9	-9	1	1	1	1	3	1	1	4	1
t_ONE_28	13	10	10	6	-9	4	1	3	5	-9	11	3	13	16	3	2	2	-9	-9	3	1	2	4	3	6	2	5	1
